2013.05.01 16:00:05.987,1.23306,1.2333,2.25,1.50
2013.05.01 16:01:01.786,1.23306,1.2333,1.13,1.50
2013.05.01 16:01:04.548,1.23304,1.2333,1.13,1.50
2013.05.01 16:01:04.798,1.23298,1.2333,3.57,1.50
2013.05.01 16:01:04.857,1.23298,1.2333,3.19,1.50
2013.05.01 16:01:06.466,1.23298,1.2333,2.63,1.88
2013.05.01 16:01:08.043,1.23298,1.2333,2.63,2.63
2013.05.01 16:01:08.392,1.23298,1.23325,2.63,1.50
2013.05.01 16:01:12.402,1.23298,1.23325,2.63,1.50
2013.05.01 16:01:12.787,1.23299,1.23329,1.13,1.50
2013.05.01 16:01:15.486,1.233,1.23328,1.13,1.50
2013.05.01 16:01:15.983,1.23303,1.23328,2.63,1.50
2013.05.01 16:01:16.052,1.23303,1.23331,4.13,1.50
2013.05.01 16:01:17.317,1.23306,1.23331,1.28,2.25
2013.05.01 16:01:39.396,1.23306,1.23331,1.50,1.65
2013.05.01 16:01:41.576,1.23304,1.23331,4.13,2.40
2013.05.01 16:02:14.646,1.23303,1.23329,6.15,1.50
2013.05.01 16:02:14.766,1.23304,1.23328,1.13,1.50
2013.05.01 16:02:15.328,1.23304,1.23328,1.13,2.44
2013.05.01 16:02:15.846,1.23304,1.23328,1.13,3.19
2013.05.01 16:02:16.507,1.23303,1.23327,1.65,1.69
2013.05.01 16:02:17.167,1.23301,1.23327,2.78,1.69
2013.05.01 16:02:35.137,1.23302,1.23325,1.28,1.50
2013.05.01 16:02:58.486,1.23301,1.23327,2.40,1.50
2013.05.01 16:03:05.057,1.23301,1.23327,2.63,1.50
2013.05.01 16:03:20.186,1.23301,1.23328,2.40,2.44
2013.05.01 16:03:40.720,1.23299,1.23325,1.28,1.88
2013.05.01 16:03:40.847,1.23296,1.23324,1.50,1.13
2013.05.01 16:03:44.675,1.23296,1.23324,1.50,1.88
2013.05.01 16:03:47.697,1.23296,1.23323,1.50,1.65
2013.05.01 16:03:48.687,1.23296,1.23324,1.50,1.88
2013.05.01 16:03:50.746,1.23296,1.23324,1.50,1.88
2013.05.01 16:04:12.776,1.23296,1.23321,1.50,1.20
2013.05.01 16:04:18.078,1.23297,1.23321,1.28,1.20
2013.05.01 16:04:19.527,1.23296,1.23321,1.50,1.20
2013.05.01 16:04:25.764,1.23296,1.23321,1.13,1.35
2013.05.01 16:04:26.678,1.23296,1.23321,1.13,1.35
2013.05.01 16:04:29.690,1.23296,1.23321,1.13,1.35
2013.05.01 16:04:32.199,1.23296,1.23321,1.13,1.35
2013.05.01 16:04:33.110,1.23296,1.23321,1.13,1.35
2013.05.01 16:04:38.238,1.23296,1.2332,1.13,1.20
2013.05.01 16:04:39.427,1.23296,1.2332,1.13,1.20
2013.05.01 16:04:40.849,1.23296,1.2332,1.13,1.20
2013.05.01 16:04:43.488,1.23296,1.2332,1.13,1.35
2013.05.01 16:04:46.438,1.23295,1.2332,1.13,1.35
2013.05.01 16:04:47.998,1.23295,1.2332,1.13,1.35
2013.05.01 16:04:48.518,1.23295,1.2332,1.13,1.35
2013.05.01 16:05:01.633,1.23294,1.23318,2.03,3.05
2013.05.01 16:05:18.588,1.23293,1.23318,3.30,1.20
2013.05.01 16:05:22.867,1.2329,1.23316,3.00,1.43
2013.05.01 16:05:23.168,1.23283,1.2331,5.40,1.05
2013.05.01 16:05:23.229,1.23283,1.23309,1.65,1.05
2013.05.01 16:05:23.467,1.23278,1.23309,2.40,1.05
2013.05.01 16:05:23.708,1.23282,1.23309,2.25,1.05
2013.05.01 16:05:25.198,1.23281,1.23309,2.25,1.05
2013.05.01 16:05:26.195,1.23282,1.23309,2.25,1.05
2013.05.01 16:05:26.673,1.2328,1.23308,1.50,1.50
2013.05.01 16:05:33.799,1.23282,1.23308,1.80,2.59
2013.05.01 16:05:35.298,1.23281,1.23307,1.88,1.69
2013.05.01 16:05:37.869,1.23281,1.23305,1.50,1.13
2013.05.01 16:05:38.407,1.23281,1.23304,2.25,1.50
2013.05.01 16:05:39.116,1.23281,1.23304,2.25,1.50
2013.05.01 16:05:40.295,1.23281,1.23304,2.25,1.50
2013.05.01 16:05:41.557,1.23282,1.23304,1.50,1.50
2013.05.01 16:05:44.138,1.23276,1.23302,3.15,1.65
2013.05.01 16:05:44.197,1.23276,1.23302,1.65,1.65
2013.05.01 16:05:44.698,1.23276,1.23303,2.40,1.65
2013.05.01 16:05:47.917,1.23276,1.23308,1.65,1.65
2013.05.01 16:05:49.027,1.23276,1.23307,3.15,1.50
2013.05.01 16:05:49.286,1.23279,1.23308,1.13,1.50
2013.05.01 16:05:50.092,1.23279,1.23307,1.13,1.50
2013.05.01 16:05:50.596,1.23277,1.23305,2.03,1.50
2013.05.01 16:05:52.147,1.23277,1.23305,2.03,1.50
2013.05.01 16:05:52.297,1.23279,1.23308,1.13,1.50
2013.05.01 16:05:53.707,1.23279,1.23305,1.13,1.88
2013.05.01 16:05:53.887,1.23275,1.23303,1.13,1.65
2013.05.01 16:05:54.523,1.23276,1.23304,2.40,1.65
2013.05.01 16:05:56.685,1.23276,1.23304,2.40,1.65
2013.05.01 16:05:57.668,1.23275,1.23303,1.13,1.65
2013.05.01 16:05:58.497,1.23275,1.23302,1.13,1.65
2013.05.01 16:05:59.853,1.23275,1.23302,1.13,1.65
2013.05.01 16:06:00.047,1.23276,1.23303,2.40,1.65
2013.05.01 16:06:02.839,1.23276,1.23303,2.40,1.65
2013.05.01 16:06:02.921,1.23275,1.23303,1.88,1.65
2013.05.01 16:06:03.317,1.23276,1.23303,2.40,1.65
2013.05.01 16:06:03.388,1.23276,1.23303,2.40,1.65
2013.05.01 16:06:05.808,1.23276,1.23302,2.40,1.65
2013.05.01 16:06:05.904,1.23275,1.23302,1.13,1.65
2013.05.01 16:06:08.467,1.23275,1.23302,1.88,1.65
2013.05.01 16:06:11.815,1.23275,1.23303,3.38,1.65
2013.05.01 16:06:11.884,1.23276,1.23302,1.13,1.65
2013.05.01 16:06:14.767,1.23276,1.23303,1.13,1.65
2013.05.01 16:06:27.096,1.23276,1.23303,1.13,2.40
2013.05.01 16:06:28.527,1.23276,1.23303,1.13,2.40
2013.05.01 16:06:32.987,1.23276,1.23299,1.13,1.29
2013.05.01 16:06:45.407,1.23276,1.23297,1.13,1.13
2013.05.01 16:06:46.357,1.23276,1.23297,1.13,1.05
2013.05.01 16:06:47.238,1.23276,1.23297,1.13,1.05
2013.05.01 16:06:51.396,1.23276,1.23297,1.13,1.05
2013.05.01 16:06:55.478,1.23276,1.23297,1.13,1.05
2013.05.01 16:06:56.558,1.23276,1.23297,1.13,1.20
2013.05.01 16:06:57.708,1.23276,1.23297,1.13,1.20
2013.05.01 16:07:01.441,1.23276,1.23297,1.13,1.20
2013.05.01 16:07:06.425,1.23276,1.23297,1.13,1.20
2013.05.01 16:07:09.607,1.23276,1.23297,1.13,1.20
2013.05.01 16:07:11.490,1.23276,1.23297,1.13,1.20
2013.05.01 16:07:12.887,1.23274,1.23297,1.28,1.20
2013.05.01 16:07:29.976,1.23272,1.23298,1.65,2.29
2013.05.01 16:07:42.666,1.23272,1.23298,2.40,3.34
2013.05.01 16:07:55.097,1.23271,1.23298,3.15,1.88
2013.05.01 16:07:55.157,1.23271,1.23298,3.00,2.25
2013.05.01 16:07:56.053,1.2327,1.23295,1.50,2.63
2013.05.01 16:08:15.708,1.2327,1.23295,1.50,3.57
2013.05.01 16:08:21.169,1.2327,1.23295,1.50,1.58
2013.05.01 16:08:48.058,1.2327,1.23293,1.50,1.43
2013.05.01 16:09:08.940,1.23269,1.23293,1.50,1.47
2013.05.01 16:09:23.568,1.23269,1.23289,1.65,1.58
2013.05.01 16:09:24.428,1.23269,1.2329,1.65,1.26
2013.05.01 16:09:31.719,1.23269,1.23289,1.65,1.60
2013.05.01 16:09:49.092,1.23269,1.2329,1.65,1.77
2013.05.01 16:09:54.031,1.23269,1.23288,1.65,1.09
2013.05.01 16:09:54.728,1.23269,1.23291,1.65,1.39
2013.05.01 16:09:55.359,1.23269,1.23292,1.65,1.58
2013.05.01 16:10:28.261,1.23269,1.23291,2.25,1.54
2013.05.01 16:10:28.568,1.23271,1.23291,1.50,1.54
2013.05.01 16:10:42.859,1.23271,1.23291,1.50,1.73
2013.05.01 16:10:43.477,1.23271,1.23288,1.50,1.47
2013.05.01 16:10:43.758,1.2327,1.23286,1.50,1.58
2013.05.01 16:10:43.947,1.23268,1.23287,1.65,2.22
2013.05.01 16:10:48.929,1.23268,1.23294,1.65,1.20
2013.05.01 16:10:55.827,1.23268,1.23291,1.65,1.77
2013.05.01 16:11:04.407,1.23268,1.23291,1.50,1.77
2013.05.01 16:11:04.817,1.23265,1.2329,2.25,1.43
2013.05.01 16:11:04.997,1.23265,1.2329,1.50,1.43
2013.05.01 16:11:08.870,1.23265,1.23289,1.88,1.43
2013.05.01 16:11:09.579,1.23268,1.23294,1.65,2.67
2013.05.01 16:11:09.998,1.23268,1.23285,1.65,1.55
2013.05.01 16:11:10.237,1.23269,1.23296,1.50,5.18
2013.05.01 16:11:33.617,1.23272,1.23298,2.25,2.53
2013.05.01 16:11:45.018,1.23272,1.23297,2.25,1.56
2013.05.01 16:11:52.674,1.23272,1.23296,2.25,1.29
2013.05.01 16:11:56.593,1.23272,1.23298,2.25,2.51
2013.05.01 16:12:05.819,1.23272,1.23298,2.25,2.58
2013.05.01 16:12:09.571,1.23272,1.23294,2.25,3.46
2013.05.01 16:12:10.107,1.23272,1.23295,1.50,3.36
2013.05.01 16:12:10.678,1.23272,1.23295,1.50,2.63
2013.05.01 16:12:12.867,1.23272,1.23295,2.25,2.63
2013.05.01 16:12:13.107,1.23271,1.23297,1.50,1.65
2013.05.01 16:12:13.618,1.23272,1.23297,1.50,1.65
2013.05.01 16:12:14.128,1.23271,1.23297,2.25,1.65
2013.05.01 16:12:14.790,1.23272,1.23297,1.50,1.65
2013.05.01 16:12:15.451,1.23272,1.23297,1.50,1.65
2013.05.01 16:12:20.428,1.23272,1.23297,1.50,1.65
2013.05.01 16:12:26.708,1.23272,1.23297,1.50,1.65
2013.05.01 16:12:29.697,1.23271,1.23297,2.63,1.65
2013.05.01 16:12:33.297,1.23271,1.23297,2.63,1.65
2013.05.01 16:12:36.096,1.23271,1.23297,2.63,1.65
2013.05.01 16:12:41.829,1.23271,1.23297,2.63,1.65
2013.05.01 16:12:42.188,1.23272,1.23297,1.50,1.65
2013.05.01 16:12:42.547,1.23272,1.23294,1.50,1.05
2013.05.01 16:12:42.848,1.23269,1.23288,1.50,1.43
2013.05.01 16:12:43.732,1.23269,1.23288,1.50,1.43
2013.05.01 16:12:45.533,1.23269,1.23289,1.50,1.13
2013.05.01 16:12:45.726,1.23269,1.23292,1.50,1.84
2013.05.01 16:12:45.788,1.23269,1.23292,1.50,1.84
2013.05.01 16:12:46.028,1.23268,1.2329,1.50,1.50
2013.05.01 16:12:47.147,1.2327,1.2329,1.50,4.13
2013.05.01 16:12:47.337,1.2327,1.23294,1.50,1.13
2013.05.01 16:12:47.838,1.2327,1.23295,1.50,2.63
2013.05.01 16:12:50.319,1.2327,1.23295,1.50,2.63
2013.05.01 16:12:50.437,1.23271,1.23296,1.50,1.20
2013.05.01 16:12:50.698,1.23271,1.23296,2.25,1.20
2013.05.01 16:13:22.200,1.23272,1.23299,1.50,2.03
2013.05.01 16:14:46.421,1.23271,1.23299,1.50,1.88
2013.05.01 16:15:18.959,1.23271,1.23299,1.50,1.65
2013.05.01 16:15:37.048,1.23271,1.23299,2.25,1.88
2013.05.01 16:16:12.349,1.23271,1.23299,2.25,1.65
2013.05.01 16:16:29.119,1.23272,1.23299,1.50,1.88
2013.05.01 16:16:45.149,1.23271,1.23299,3.75,4.65
2013.05.01 16:17:21.549,1.23271,1.23299,2.25,1.88
2013.05.01 16:17:25.999,1.23271,1.23299,2.25,1.88
2013.05.01 16:18:11.441,1.2327,1.233,1.50,3.38
2013.05.01 16:18:20.893,1.2327,1.233,1.50,3.38
2013.05.01 16:18:25.309,1.23274,1.233,1.50,4.13
2013.05.01 16:18:29.685,1.23274,1.23299,1.50,4.13
2013.05.01 16:18:30.938,1.23275,1.23299,1.50,1.13
2013.05.01 16:19:01.458,1.23275,1.23299,1.50,3.90
2013.05.01 16:19:19.489,1.23275,1.23299,1.50,4.13
2013.05.01 16:19:25.899,1.23275,1.23299,1.50,4.13
2013.05.01 16:20:09.639,1.23275,1.23299,1.50,3.90
2013.05.01 16:20:21.700,1.23272,1.23295,1.50,1.13
2013.05.01 16:20:21.971,1.23272,1.23295,1.50,1.13
2013.05.01 16:20:39.459,1.23273,1.23295,1.50,1.13
2013.05.01 16:20:55.419,1.23273,1.23296,1.50,3.75
2013.05.01 16:21:10.936,1.23273,1.23296,1.50,3.75
2013.05.01 16:21:16.959,1.23273,1.23296,1.50,3.75
2013.05.01 16:22:11.870,1.23272,1.23297,1.50,4.65
2013.05.01 16:22:22.679,1.23273,1.23295,1.50,1.13
2013.05.01 16:22:40.624,1.23273,1.23295,1.50,1.13
2013.05.01 16:22:56.830,1.23273,1.23295,1.50,1.13
2013.05.01 16:23:06.990,1.23273,1.23295,1.50,1.13
2013.05.01 16:23:28.943,1.23273,1.23295,1.50,1.13
2013.05.01 16:23:29.268,1.2327,1.23296,1.50,1.13
2013.05.01 16:23:39.360,1.23273,1.23295,1.50,1.13
2013.05.01 16:24:05.899,1.23272,1.23296,1.50,4.50
2013.05.01 16:24:34.810,1.23273,1.23294,1.50,1.50
2013.05.01 16:24:43.469,1.23273,1.23295,1.50,1.13
2013.05.01 16:25:00.349,1.23273,1.23294,1.50,1.13
2013.05.01 16:25:19.160,1.23273,1.23295,1.50,1.13
2013.05.01 16:25:41.840,1.23273,1.23294,1.50,1.13
2013.05.01 16:25:59.133,1.23273,1.23295,1.50,4.13
2013.05.01 16:26:25.020,1.23273,1.23295,1.50,1.13
2013.05.01 16:26:31.839,1.23273,1.23294,1.50,1.13
2013.05.01 16:27:20.030,1.23273,1.23294,1.50,1.13
2013.05.01 16:27:21.090,1.23273,1.23296,1.50,1.13
2013.05.01 16:27:21.209,1.23273,1.23299,1.50,1.05
2013.05.01 16:27:21.406,1.23273,1.233,1.50,2.63
2013.05.01 16:27:52.389,1.23273,1.23299,1.50,2.25
2013.05.01 16:28:14.835,1.23273,1.23297,1.50,1.65
2013.05.01 16:28:16.815,1.23273,1.23297,1.50,1.65
2013.05.01 16:28:42.469,1.23274,1.23296,1.50,2.54
2013.05.01 16:28:42.589,1.23274,1.23298,1.50,1.13
2013.05.01 16:28:42.710,1.23271,1.23295,1.50,3.00
2013.05.01 16:29:00.781,1.23271,1.23295,1.50,3.00
2013.05.01 16:29:03.179,1.23271,1.23295,1.88,2.63
2013.05.01 16:29:03.890,1.23271,1.23299,1.13,1.73
2013.05.01 16:29:12.530,1.23271,1.23296,2.63,1.90
2013.05.01 16:29:12.650,1.23271,1.23296,2.25,2.63
2013.05.01 16:29:13.300,1.2327,1.23296,1.50,3.38
2013.05.01 16:30:11.900,1.2327,1.23296,1.50,3.53
2013.05.01 16:30:43.980,1.2327,1.23296,1.50,3.53
2013.05.01 16:31:50.623,1.2327,1.23296,1.50,4.43
2013.05.01 16:32:52.999,1.23271,1.23299,2.25,3.38
2013.05.01 16:32:54.969,1.23271,1.23299,2.25,3.15
2013.05.01 16:33:26.574,1.23271,1.23299,2.25,3.38
2013.05.01 16:34:19.732,1.23271,1.23299,3.15,3.15
2013.05.01 16:34:38.601,1.23271,1.23299,1.88,1.13
2013.05.01 16:35:17.949,1.23271,1.233,1.65,3.38
2013.05.01 16:35:35.903,1.23271,1.23299,1.88,1.13
2013.05.01 16:35:51.979,1.23271,1.233,1.65,3.38
2013.05.01 16:36:11.400,1.23271,1.23299,1.88,1.13
2013.05.01 16:36:26.596,1.23271,1.233,1.65,3.38
2013.05.01 16:36:33.031,1.23271,1.233,1.65,3.38
2013.05.01 16:36:43.156,1.23271,1.23299,1.88,1.13
2013.05.01 16:37:50.169,1.2327,1.233,2.63,2.63
2013.05.01 16:38:07.498,1.23271,1.233,1.13,2.63
2013.05.01 16:39:25.095,1.2327,1.233,2.63,2.63
2013.05.01 16:39:32.910,1.23274,1.23299,2.63,1.50
2013.05.01 16:39:33.272,1.23276,1.23305,1.65,1.50
2013.05.01 16:39:33.330,1.23276,1.23305,1.65,1.50
2013.05.01 16:39:37.235,1.23276,1.23304,1.65,1.28
2013.05.01 16:40:17.402,1.23277,1.23305,1.65,1.13
2013.05.01 16:40:28.915,1.23277,1.23305,1.65,1.13
2013.05.01 16:41:01.950,1.23276,1.23304,1.88,1.13
2013.05.01 16:41:16.882,1.23276,1.23304,1.88,1.50
2013.05.01 16:42:08.061,1.23276,1.23304,1.13,1.13
2013.05.01 16:43:38.684,1.23275,1.23304,1.88,1.65
2013.05.01 16:43:58.211,1.23276,1.23304,1.13,1.88
2013.05.01 16:44:14.684,1.23275,1.23304,1.88,1.65
2013.05.01 16:44:43.100,1.23277,1.23305,1.65,1.13
2013.05.01 16:45:02.843,1.23277,1.23304,1.65,1.13
2013.05.01 16:45:32.660,1.23276,1.23302,1.88,1.65
2013.05.01 16:45:33.211,1.23276,1.23297,1.50,2.03
2013.05.01 16:45:33.717,1.23276,1.23297,1.50,2.03
2013.05.01 16:45:35.022,1.23276,1.23296,1.50,1.13
2013.05.01 16:46:18.930,1.23276,1.23297,1.50,2.40
2013.05.01 16:46:28.992,1.23276,1.23296,1.50,1.65
2013.05.01 16:46:32.591,1.23276,1.23296,1.50,1.65
2013.05.01 16:46:32.771,1.23275,1.23299,1.50,1.13
2013.05.01 16:46:32.891,1.23272,1.23295,1.50,1.50
2013.05.01 16:46:33.011,1.23272,1.23295,1.50,1.50
2013.05.01 16:46:33.690,1.23271,1.23294,1.50,1.28
2013.05.01 16:46:34.791,1.23271,1.23293,1.50,1.28
2013.05.01 16:47:19.731,1.23266,1.23294,1.88,1.13
2013.05.01 16:47:19.791,1.23266,1.23294,1.88,1.13
2013.05.01 16:47:26.551,1.23267,1.23294,1.65,1.13
2013.05.01 16:47:42.651,1.23267,1.23292,1.65,1.65
2013.05.01 16:47:43.012,1.23266,1.23287,1.50,1.50
2013.05.01 16:47:43.550,1.23266,1.23287,1.50,1.50
2013.05.01 16:47:43.952,1.23266,1.23284,1.50,1.50
2013.05.01 16:47:44.071,1.23266,1.23285,1.50,1.13
2013.05.01 16:47:44.197,1.23261,1.23287,2.40,2.37
2013.05.01 16:47:44.321,1.23261,1.23289,2.40,1.88
2013.05.01 16:47:44.502,1.2326,1.23286,2.25,1.13
2013.05.01 16:47:45.082,1.23259,1.23285,1.50,1.13
2013.05.01 16:47:45.881,1.23259,1.23284,1.50,1.13
2013.05.01 16:47:46.311,1.23261,1.2329,1.50,1.13
2013.05.01 16:47:46.370,1.23261,1.23292,1.50,1.09
2013.05.01 16:47:46.921,1.23262,1.23294,1.50,1.13
2013.05.01 16:47:47.101,1.23262,1.23298,1.50,1.50
2013.05.01 16:47:47.161,1.23262,1.23296,1.50,1.13
2013.05.01 16:47:47.521,1.23261,1.23296,1.50,1.50
2013.05.01 16:47:50.731,1.23261,1.23296,1.50,1.50
2013.05.01 16:47:51.291,1.23261,1.23296,1.50,1.50
2013.05.01 16:47:52.139,1.23261,1.23296,1.50,1.50
2013.05.01 16:47:57.271,1.23261,1.23296,1.50,1.50
2013.05.01 16:47:57.840,1.23261,1.23296,1.50,1.50
2013.05.01 16:48:04.700,1.23261,1.23296,1.50,1.50
2013.05.01 16:48:12.891,1.23261,1.23296,1.50,1.50
2013.05.01 16:48:13.809,1.23264,1.233,1.50,2.25
2013.05.01 16:48:26.701,1.23264,1.23298,1.50,1.13
2013.05.01 16:48:27.213,1.23263,1.23295,1.50,1.50
2013.05.01 16:48:27.686,1.23263,1.23295,1.50,1.50
2013.05.01 16:48:28.401,1.23263,1.23295,1.50,1.50
2013.05.01 16:48:29.011,1.23263,1.23295,1.50,1.50
2013.05.01 16:48:29.637,1.23263,1.23295,1.50,1.50
2013.05.01 16:48:30.325,1.23263,1.23296,1.50,1.50
2013.05.01 16:48:35.981,1.23259,1.23296,1.50,1.88
2013.05.01 16:48:36.041,1.23255,1.23296,2.63,1.88
2013.05.01 16:48:39.747,1.23255,1.23295,1.88,1.50
2013.05.01 16:48:40.202,1.23256,1.23297,1.13,1.88
2013.05.01 16:48:46.031,1.23255,1.23295,1.88,1.50
2013.05.01 16:48:46.771,1.23254,1.23295,1.88,1.50
2013.05.01 16:48:46.969,1.23255,1.23297,1.50,1.88
2013.05.01 16:49:27.062,1.23255,1.23295,1.88,1.50
2013.05.01 16:49:27.291,1.23255,1.23295,1.88,1.50
2013.05.01 16:49:27.863,1.23255,1.23296,2.63,1.13
2013.05.01 16:49:32.202,1.23261,1.23297,1.50,1.13
2013.05.01 16:49:32.453,1.23257,1.23295,1.13,1.50
2013.05.01 16:49:32.691,1.23258,1.23296,1.50,1.50
2013.05.01 16:49:32.992,1.23256,1.23295,1.88,1.50
2013.05.01 16:49:33.182,1.23257,1.23295,1.28,1.50
2013.05.01 16:49:33.732,1.23256,1.23294,1.88,1.50
2013.05.01 16:49:33.986,1.23256,1.23296,1.50,1.13
2013.05.01 16:49:35.901,1.23255,1.23296,1.50,1.50
2013.05.01 16:49:36.252,1.23252,1.23293,1.50,1.50
2013.05.01 16:49:36.313,1.23242,1.23286,1.50,1.13
2013.05.01 16:49:36.720,1.23242,1.23285,1.50,1.13
2013.05.01 16:49:37.261,1.23243,1.23285,1.50,1.13
2013.05.01 16:49:37.381,1.23238,1.23282,1.13,1.13
2013.05.01 16:49:37.501,1.23234,1.23282,4.13,1.50
2013.05.01 16:49:37.681,1.23237,1.23282,1.88,1.13
2013.05.01 16:49:38.443,1.23237,1.23282,1.13,1.13
2013.05.01 16:49:39.033,1.23236,1.2328,3.38,1.13
2013.05.01 16:49:39.276,1.23237,1.2328,2.63,1.13
2013.05.01 16:49:40.316,1.23237,1.2328,2.63,1.13
2013.05.01 16:49:41.221,1.23243,1.23279,1.50,1.50
2013.05.01 16:49:41.523,1.23243,1.2328,2.25,1.50
2013.05.01 16:49:42.242,1.23243,1.2328,2.25,1.88
2013.05.01 16:49:42.542,1.23236,1.23276,1.50,1.50
2013.05.01 16:49:43.164,1.23235,1.23276,1.50,1.50
2013.05.01 16:49:43.682,1.23235,1.23276,1.50,1.50
2013.05.01 16:49:45.751,1.23235,1.23276,1.13,1.50
2013.05.01 16:49:46.063,1.23236,1.23273,2.25,1.13
2013.05.01 16:49:46.522,1.23232,1.23273,2.25,1.13
2013.05.01 16:49:47.101,1.2323,1.23273,1.88,1.13
2013.05.01 16:49:47.702,1.23235,1.23273,2.25,1.13
2013.05.01 16:49:47.941,1.23235,1.23276,2.25,2.63
2013.05.01 16:49:48.001,1.23235,1.23275,1.50,1.50
2013.05.01 16:49:48.241,1.23233,1.23276,1.88,2.63
2013.05.01 16:49:48.301,1.23229,1.23272,1.13,1.13
2013.05.01 16:49:49.072,1.23232,1.23272,2.25,1.13
2013.05.01 16:49:49.381,1.23233,1.23272,1.50,1.13
2013.05.01 16:49:49.741,1.23234,1.23271,1.50,1.13
2013.05.01 16:49:51.018,1.23234,1.23271,1.50,1.13
2013.05.01 16:49:51.631,1.23235,1.23271,1.50,1.88
2013.05.01 16:49:52.284,1.23235,1.23271,1.50,2.63
2013.05.01 16:50:06.522,1.23235,1.23273,1.13,1.50
2013.05.01 16:50:07.023,1.23235,1.23273,1.50,1.50
2013.05.01 16:50:08.395,1.23236,1.23276,1.50,1.88
2013.05.01 16:50:08.725,1.23234,1.23274,1.50,1.50
2013.05.01 16:50:23.221,1.23233,1.23271,1.50,1.50
2013.05.01 16:50:23.462,1.23235,1.23271,1.88,1.50
2013.05.01 16:50:23.521,1.23235,1.23275,2.63,3.00
2013.05.01 16:50:23.581,1.23235,1.23275,2.63,3.15
2013.05.01 16:50:23.722,1.23235,1.2327,1.88,1.50
2013.05.01 16:50:23.878,1.23236,1.23274,1.50,2.03
2013.05.01 16:50:23.941,1.23236,1.23274,1.50,1.28
2013.05.01 16:50:24.002,1.23235,1.23272,1.50,1.50
2013.05.01 16:50:24.618,1.23234,1.23274,1.50,4.13
2013.05.01 16:50:26.471,1.23234,1.23273,1.50,1.13
2013.05.01 16:50:26.742,1.23234,1.23273,1.50,1.13
2013.05.01 16:50:43.482,1.23234,1.23272,1.88,1.50
2013.05.01 16:50:43.601,1.23234,1.2327,1.13,1.50
2013.05.01 16:50:43.974,1.23234,1.2327,1.88,1.50
2013.05.01 16:50:44.752,1.23234,1.2327,1.88,1.50
2013.05.01 16:50:45.311,1.23234,1.2327,1.50,1.50
2013.05.01 16:50:46.065,1.23234,1.2327,1.50,1.50
2013.05.01 16:50:46.311,1.23234,1.2327,1.50,1.50
2013.05.01 16:50:47.625,1.23234,1.2327,1.50,1.50
2013.05.01 16:50:48.102,1.23232,1.23267,1.50,1.50
2013.05.01 16:50:49.949,1.23232,1.23267,1.50,1.50
2013.05.01 16:50:57.499,1.23232,1.23267,1.50,1.50
2013.05.01 16:50:58.503,1.23232,1.23267,1.50,1.50
2013.05.01 16:51:03.035,1.23232,1.23267,1.50,1.50
2013.05.01 16:51:26.687,1.23232,1.23266,1.50,1.50
2013.05.01 16:51:28.162,1.23232,1.2326,1.50,1.13
2013.05.01 16:51:28.461,1.23224,1.23252,2.40,2.40
2013.05.01 16:51:31.712,1.23221,1.23252,1.50,2.78
2013.05.01 16:51:33.882,1.23221,1.23252,1.50,2.40
2013.05.01 16:51:36.049,1.23222,1.23251,1.50,2.25
2013.05.01 16:51:41.631,1.23221,1.23251,1.50,2.63
2013.05.01 16:51:42.184,1.23225,1.23251,1.41,2.44
2013.05.01 16:51:42.701,1.2322,1.23247,1.50,3.19
2013.05.01 16:51:43.682,1.23221,1.23248,1.50,1.50
2013.05.01 16:51:43.742,1.23221,1.23249,1.50,1.69
2013.05.01 16:51:43.864,1.23221,1.23251,1.50,2.25
2013.05.01 16:51:44.732,1.23225,1.23254,1.50,1.13
2013.05.01 16:51:45.271,1.23225,1.23267,1.88,2.79
2013.05.01 16:51:47.371,1.23226,1.23264,1.13,1.35
2013.05.01 16:51:48.891,1.23226,1.23264,1.13,1.35
2013.05.01 16:51:49.431,1.23227,1.23265,1.13,1.65
2013.05.01 16:51:49.976,1.23227,1.23264,1.13,1.05
2013.05.01 16:51:50.282,1.2323,1.23265,1.13,1.29
2013.05.01 16:51:51.097,1.23228,1.23264,2.25,1.24
2013.05.01 16:51:52.144,1.2323,1.23265,2.25,1.02
2013.05.01 16:51:52.712,1.23229,1.23264,2.25,1.47
2013.05.01 16:51:53.071,1.23236,1.2327,1.13,1.62
2013.05.01 16:51:53.251,1.23231,1.23265,1.13,1.28
2013.05.01 16:51:54.142,1.23232,1.23265,1.50,1.28
2013.05.01 16:51:54.714,1.23236,1.23264,1.50,1.28
2013.05.01 16:51:56.874,1.23236,1.23264,1.50,1.02
2013.05.01 16:51:57.431,1.23236,1.23271,1.50,1.58
2013.05.01 16:51:59.111,1.23236,1.23265,1.50,1.20
2013.05.01 16:51:59.411,1.23232,1.23256,2.25,1.88
2013.05.01 16:51:59.661,1.23224,1.23254,4.43,1.28
2013.05.01 16:51:59.722,1.23224,1.23254,1.88,1.28
2013.05.01 16:52:00.282,1.23224,1.23254,1.50,1.28
2013.05.01 16:52:01.761,1.23224,1.23251,1.50,2.25
2013.05.01 16:52:02.322,1.23222,1.23254,1.50,1.28
2013.05.01 16:52:10.131,1.23223,1.23246,2.25,3.75
2013.05.01 16:52:14.118,1.23222,1.23246,1.50,3.75
2013.05.01 16:52:14.301,1.23222,1.23251,1.50,4.50
2013.05.01 16:52:24.952,1.23224,1.23246,1.13,2.25
2013.05.01 16:52:25.131,1.23221,1.23249,2.25,1.69
2013.05.01 16:52:25.252,1.23224,1.23251,1.13,3.00
2013.05.01 16:52:27.012,1.23224,1.23251,1.13,2.25
2013.05.01 16:52:27.071,1.23224,1.23256,1.13,1.13
2013.05.01 16:52:27.631,1.23226,1.23264,1.88,1.16
2013.05.01 16:52:28.631,1.23226,1.23264,1.13,2.33
2013.05.01 16:52:29.143,1.23227,1.23264,1.13,1.67
2013.05.01 16:52:30.752,1.23229,1.23264,1.13,1.13
2013.05.01 16:52:30.871,1.23225,1.23264,1.13,1.13
2013.05.01 16:52:31.111,1.23228,1.23264,2.25,1.39
2013.05.01 16:52:32.142,1.23228,1.23265,2.25,1.28
2013.05.01 16:52:32.730,1.23228,1.23264,2.25,1.47
2013.05.01 16:52:33.472,1.23235,1.23264,1.50,1.17
2013.05.01 16:52:33.772,1.23238,1.23278,1.13,1.50
2013.05.01 16:52:33.962,1.23241,1.23278,2.25,1.50
2013.05.01 16:52:35.181,1.23244,1.2326,1.50,1.88
2013.05.01 16:52:35.242,1.23242,1.2326,1.50,1.88
2013.05.01 16:52:35.421,1.23242,1.23261,2.25,3.38
2013.05.01 16:52:35.481,1.2323,1.2327,1.13,1.50
2013.05.01 16:52:35.543,1.23232,1.23275,2.63,1.88
2013.05.01 16:52:35.858,1.23235,1.23275,1.50,1.13
2013.05.01 16:52:36.052,1.23238,1.23277,1.13,1.50
2013.05.01 16:52:36.232,1.23241,1.23287,1.13,1.54
2013.05.01 16:52:36.751,1.2324,1.23288,1.13,1.54
2013.05.01 16:52:36.930,1.23243,1.23288,1.13,1.54
2013.05.01 16:52:37.631,1.23243,1.23288,1.13,1.54
2013.05.01 16:52:38.321,1.23242,1.23288,1.13,1.54
2013.05.01 16:52:38.442,1.23243,1.23291,1.13,1.92
2013.05.01 16:52:38.801,1.2325,1.2329,1.13,1.54
2013.05.01 16:52:39.122,1.23255,1.23295,1.13,3.15
2013.05.01 16:52:39.302,1.23241,1.23283,1.50,2.85
2013.05.01 16:52:39.361,1.23241,1.23273,1.50,1.13
2013.05.01 16:52:39.481,1.23228,1.23246,3.00,3.00
2013.05.01 16:52:39.541,1.23228,1.23246,2.25,3.00
2013.05.01 16:52:39.782,1.23225,1.23259,2.63,2.44
2013.05.01 16:52:40.202,1.23229,1.23272,1.13,1.13
2013.05.01 16:52:40.266,1.23235,1.23274,1.50,2.25
2013.05.01 16:52:40.331,1.23235,1.23274,1.50,2.25
2013.05.01 16:52:40.392,1.23235,1.23279,1.50,1.88
2013.05.01 16:52:40.451,1.23234,1.23279,1.50,1.88
2013.05.01 16:52:40.512,1.23236,1.23279,1.13,2.25
2013.05.01 16:52:41.071,1.23236,1.23285,1.88,1.92
2013.05.01 16:52:41.381,1.23237,1.23283,1.13,1.13
2013.05.01 16:52:41.692,1.23234,1.23282,1.13,1.50
2013.05.01 16:52:41.752,1.23234,1.23285,1.13,1.54
2013.05.01 16:52:42.353,1.23235,1.2329,1.88,1.54
2013.05.01 16:52:42.411,1.23235,1.2329,1.88,1.54
2013.05.01 16:52:42.867,1.23249,1.23297,1.13,2.24
2013.05.01 16:52:43.732,1.23247,1.23296,1.13,1.49
2013.05.01 16:52:43.911,1.2325,1.23298,1.13,1.64
2013.05.01 16:52:44.345,1.23247,1.23297,1.88,2.01
2013.05.01 16:52:44.411,1.23252,1.23298,1.13,2.01
2013.05.01 16:52:44.832,1.23255,1.233,1.88,1.22
2013.05.01 16:52:45.493,1.23255,1.23302,1.88,1.26
2013.05.01 16:52:45.821,1.23256,1.23303,1.13,1.26
2013.05.01 16:52:46.012,1.23255,1.23302,1.88,1.22
2013.05.01 16:52:46.132,1.23256,1.23302,1.13,1.22
2013.05.01 16:52:46.694,1.23261,1.23304,1.13,1.22
2013.05.01 16:52:47.313,1.23261,1.23304,1.13,1.34
2013.05.01 16:52:47.671,1.23265,1.23307,1.88,2.09
2013.05.01 16:52:49.532,1.23265,1.23308,1.88,1.32
2013.05.01 16:52:50.325,1.23266,1.23308,1.13,1.32
2013.05.01 16:52:52.653,1.23263,1.23304,3.19,1.05
2013.05.01 16:52:53.163,1.23263,1.23303,3.19,1.02
2013.05.01 16:52:53.823,1.23264,1.23303,1.50,1.03
2013.05.01 16:52:54.611,1.23264,1.23302,1.88,1.60
2013.05.01 16:52:55.183,1.23264,1.23301,1.13,1.63
2013.05.01 16:53:03.762,1.23262,1.23295,1.88,1.74
2013.05.01 16:53:04.322,1.23262,1.23295,1.88,1.75
2013.05.01 16:53:05.662,1.23263,1.23295,1.50,1.03
2013.05.01 16:53:09.712,1.23263,1.23297,2.25,2.16
2013.05.01 16:53:10.498,1.23263,1.23295,1.50,1.25
2013.05.01 16:53:15.801,1.23263,1.23297,1.50,1.63
2013.05.01 16:53:16.342,1.23255,1.23301,3.00,1.96
2013.05.01 16:53:16.522,1.23252,1.233,1.50,1.21
2013.05.01 16:53:17.295,1.23246,1.23298,1.30,1.21
2013.05.01 16:53:17.712,1.23246,1.23298,1.30,1.21
2013.05.01 16:53:19.181,1.2324,1.23298,1.30,1.58
2013.05.01 16:53:19.982,1.23238,1.23298,1.75,1.58
2013.05.01 16:53:20.522,1.23241,1.23298,1.30,1.21
2013.05.01 16:53:24.311,1.23245,1.23294,1.30,1.17
2013.05.01 16:53:24.679,1.23264,1.23304,1.13,1.70
2013.05.01 16:53:24.992,1.23266,1.23306,1.13,1.70
2013.05.01 16:53:28.001,1.23264,1.23308,1.88,1.68
2013.05.01 16:53:34.272,1.23267,1.23304,1.13,1.68
2013.05.01 16:53:35.501,1.23265,1.23303,1.13,1.78
2013.05.01 16:53:35.682,1.23266,1.23303,1.50,1.78
2013.05.01 16:53:35.741,1.23267,1.23303,1.50,1.65
2013.05.01 16:53:35.801,1.23271,1.23303,1.50,1.65
2013.05.01 16:53:35.922,1.23271,1.23303,1.50,1.65
2013.05.01 16:53:37.014,1.23271,1.23303,1.50,1.65
2013.05.01 16:53:37.280,1.23271,1.23303,1.50,1.65
2013.05.01 16:53:42.092,1.23271,1.23302,1.50,1.50
2013.05.01 16:53:44.523,1.23271,1.23305,1.50,1.50
2013.05.01 16:53:53.422,1.23269,1.23306,1.50,1.50
2013.05.01 16:53:53.722,1.23273,1.23303,1.50,1.65
2013.05.01 16:53:54.353,1.23273,1.23303,1.50,1.65
2013.05.01 16:53:54.722,1.23273,1.23306,3.00,1.50
2013.05.01 16:53:54.962,1.23274,1.23308,1.13,2.25
2013.05.01 16:53:55.262,1.23275,1.23311,1.50,1.50
2013.05.01 16:53:55.561,1.23274,1.23307,1.13,1.50
2013.05.01 16:53:59.312,1.23274,1.23307,1.13,1.50
2013.05.01 16:54:03.091,1.23273,1.23307,1.13,1.50
2013.05.01 16:54:03.746,1.23273,1.23306,1.50,1.50
2013.05.01 16:54:05.142,1.23274,1.2331,1.50,1.50
2013.05.01 16:54:05.442,1.23273,1.23309,1.13,1.50
2013.05.01 16:54:05.952,1.23273,1.23307,1.88,1.50
2013.05.01 16:54:14.475,1.23273,1.23306,1.50,1.50
2013.05.01 16:54:23.232,1.23274,1.23312,1.50,1.50
2013.05.01 16:54:23.653,1.23274,1.23314,1.50,1.65
2013.05.01 16:54:23.712,1.23264,1.23308,1.95,1.13
2013.05.01 16:54:23.772,1.23263,1.23305,1.13,1.50
2013.05.01 16:54:24.072,1.23254,1.23305,1.50,1.88
2013.05.01 16:54:24.452,1.23259,1.23305,1.13,1.88
2013.05.01 16:54:25.922,1.23261,1.23305,1.13,1.13
2013.05.01 16:54:25.982,1.23262,1.23305,1.13,1.13
2013.05.01 16:54:26.292,1.23266,1.23304,1.88,1.50
2013.05.01 16:54:27.217,1.23265,1.23304,1.88,1.50
2013.05.01 16:54:28.296,1.23265,1.23304,1.88,1.50
2013.05.01 16:54:29.176,1.23266,1.23308,1.13,1.13
2013.05.01 16:54:31.033,1.23266,1.23304,1.13,1.50
2013.05.01 16:54:31.212,1.23267,1.23304,1.13,1.50
2013.05.01 16:54:31.517,1.23269,1.23308,1.13,2.25
2013.05.01 16:54:31.642,1.23272,1.23308,2.25,1.50
2013.05.01 16:54:32.181,1.23273,1.23309,2.25,1.50
2013.05.01 16:54:32.702,1.23272,1.23309,1.50,1.50
2013.05.01 16:54:33.042,1.23272,1.23308,1.50,1.50
2013.05.01 16:54:34.333,1.23272,1.23308,1.50,1.50
2013.05.01 16:54:36.637,1.23272,1.23308,1.88,1.50
2013.05.01 16:54:37.650,1.23272,1.23308,3.75,1.50
2013.05.01 16:54:39.512,1.23276,1.23313,1.13,2.25
2013.05.01 16:54:40.047,1.23272,1.23308,3.00,1.50
2013.05.01 16:54:40.903,1.23272,1.23307,3.00,1.50
2013.05.01 16:54:47.492,1.23274,1.23313,1.50,3.00
2013.05.01 16:54:47.879,1.2328,1.23311,1.50,1.50
2013.05.01 16:54:48.382,1.2328,1.23311,1.50,1.50
2013.05.01 16:54:48.953,1.2328,1.23311,1.50,1.50
2013.05.01 16:54:49.512,1.23281,1.23312,1.50,1.65
2013.05.01 16:54:55.973,1.23281,1.23312,1.50,1.65
2013.05.01 16:54:56.452,1.23281,1.23314,3.00,1.50
2013.05.01 16:54:57.105,1.23282,1.23315,1.50,2.25
2013.05.01 16:54:57.344,1.23283,1.23315,1.50,2.25
2013.05.01 16:55:05.252,1.23281,1.23315,1.50,1.50
2013.05.01 16:55:05.672,1.2328,1.23312,1.13,1.50
2013.05.01 16:55:05.732,1.23275,1.23312,1.50,2.25
2013.05.01 16:55:05.912,1.23274,1.23307,1.13,1.50
2013.05.01 16:55:08.222,1.23272,1.23306,1.50,1.50
2013.05.01 16:55:09.663,1.23272,1.23306,1.50,1.50
2013.05.01 16:55:11.293,1.23272,1.23306,1.50,1.50
2013.05.01 16:55:13.482,1.23272,1.23306,3.00,1.50
2013.05.01 16:55:14.042,1.23274,1.23312,1.88,3.00
2013.05.01 16:55:14.503,1.23274,1.23314,1.50,1.88
2013.05.01 16:55:14.683,1.23274,1.23313,1.50,1.50
2013.05.01 16:55:15.245,1.23275,1.23315,1.13,1.50
2013.05.01 16:55:15.843,1.23275,1.23314,1.88,3.00
2013.05.01 16:55:16.202,1.23269,1.23312,1.13,1.50
2013.05.01 16:55:16.536,1.23271,1.23314,1.13,1.88
2013.05.01 16:55:16.814,1.23271,1.23314,1.13,1.13
2013.05.01 16:55:18.411,1.23273,1.23314,1.50,2.63
2013.05.01 16:55:18.725,1.23274,1.23313,1.50,2.63
2013.05.01 16:55:18.962,1.23271,1.23312,1.13,1.50
2013.05.01 16:55:19.026,1.23274,1.23314,1.50,1.13
2013.05.01 16:55:19.142,1.23274,1.23314,1.50,1.88
2013.05.01 16:55:19.502,1.23275,1.23314,1.50,1.50
2013.05.01 16:55:19.743,1.23275,1.23313,1.50,1.50
2013.05.01 16:55:21.013,1.23275,1.23314,1.50,1.50
2013.05.01 16:55:22.322,1.23275,1.23314,1.50,1.50
2013.05.01 16:55:31.154,1.23275,1.23314,1.50,1.50
2013.05.01 16:55:37.442,1.23277,1.23317,1.13,1.50
2013.05.01 16:55:38.022,1.23276,1.23314,1.13,1.50
2013.05.01 16:55:39.462,1.23275,1.23314,1.88,1.50
2013.05.01 16:55:41.885,1.23276,1.23314,1.13,1.50
2013.05.01 16:55:44.672,1.23275,1.23314,1.50,1.50
2013.05.01 16:55:56.982,1.23276,1.23316,1.50,1.13
2013.05.01 16:55:57.659,1.23276,1.23316,1.50,1.13
2013.05.01 16:55:57.723,1.23275,1.23314,1.88,1.50
2013.05.01 16:55:58.682,1.23276,1.23314,1.13,1.50
2013.05.01 16:55:59.352,1.23276,1.23314,1.13,1.50
2013.05.01 16:55:59.902,1.23277,1.23314,1.13,1.50
2013.05.01 16:56:00.132,1.23277,1.23317,1.13,2.25
2013.05.01 16:56:00.473,1.23276,1.23314,1.13,1.50
2013.05.01 16:56:01.536,1.23276,1.23314,1.13,1.50
2013.05.01 16:56:02.006,1.23276,1.23314,1.13,1.50
2013.05.01 16:56:02.772,1.23276,1.23314,1.88,1.50
2013.05.01 16:56:03.476,1.23275,1.23314,1.88,1.50
2013.05.01 16:56:14.221,1.23275,1.23314,1.88,1.50
2013.05.01 16:56:21.750,1.23276,1.23316,1.50,1.13
2013.05.01 16:56:25.987,1.23275,1.23314,1.88,1.50
2013.05.01 16:56:28.243,1.23276,1.23317,1.50,3.38
2013.05.01 16:56:29.396,1.23276,1.23317,1.50,1.88
2013.05.01 16:57:05.696,1.23276,1.23314,1.13,1.50
2013.05.01 16:57:06.380,1.23276,1.23314,1.13,1.50
2013.05.01 16:57:06.467,1.23277,1.23317,1.13,1.50
2013.05.01 16:57:46.392,1.23276,1.23318,1.50,1.88
2013.05.01 16:57:46.464,1.23277,1.23318,1.65,1.88
2013.05.01 16:57:46.582,1.2328,1.23318,1.88,1.50
2013.05.01 16:57:46.644,1.23281,1.23319,1.50,2.25
2013.05.01 16:57:47.175,1.23281,1.23316,2.25,1.50
2013.05.01 16:57:47.752,1.23281,1.23316,2.63,1.50
2013.05.01 16:57:48.175,1.23283,1.2332,2.25,1.50
2013.05.01 16:57:50.393,1.23285,1.2332,1.50,1.50
2013.05.01 16:57:53.378,1.23283,1.23317,1.50,1.50
2013.05.01 16:57:53.933,1.23283,1.23316,1.50,1.50
2013.05.01 16:57:59.663,1.23284,1.23316,1.50,1.50
2013.05.01 16:58:00.373,1.23284,1.23317,1.50,1.50
2013.05.01 16:58:09.892,1.23284,1.23316,1.50,1.50
2013.05.01 16:58:12.695,1.23284,1.23316,1.50,1.50
2013.05.01 16:58:13.246,1.23284,1.23316,1.50,1.50
2013.05.01 16:58:23.242,1.23284,1.23321,2.25,2.25
2013.05.01 16:58:41.446,1.23284,1.23315,1.50,1.50
2013.05.01 16:58:48.897,1.23284,1.23321,1.50,1.50
2013.05.01 16:59:02.903,1.23283,1.23314,1.50,1.50
2013.05.01 16:59:03.442,1.2328,1.23314,2.25,1.50
2013.05.01 16:59:18.692,1.23284,1.2331,1.13,1.50
2013.05.01 16:59:18.812,1.2328,1.2331,1.88,2.25
2013.05.01 16:59:18.875,1.23282,1.2331,1.50,2.25
2013.05.01 16:59:19.377,1.23282,1.23309,1.88,1.50
2013.05.01 16:59:19.682,1.23283,1.23313,1.50,1.28
2013.05.01 16:59:20.042,1.23288,1.23315,1.50,1.88
2013.05.01 16:59:20.342,1.23288,1.23315,1.50,1.50
2013.05.01 16:59:20.523,1.2329,1.2332,1.50,2.40
2013.05.01 16:59:20.762,1.2329,1.23321,1.50,2.25
2013.05.01 16:59:21.182,1.23283,1.23316,1.50,1.50
2013.05.01 16:59:22.383,1.23283,1.23316,1.50,1.88
2013.05.01 16:59:22.803,1.23287,1.23316,1.50,1.13
2013.05.01 16:59:31.183,1.23288,1.23314,1.50,2.48
2013.05.01 16:59:31.302,1.2328,1.23312,1.50,1.65
2013.05.01 16:59:31.723,1.23275,1.2331,1.50,1.50
2013.05.01 16:59:32.283,1.23275,1.2331,1.50,1.50
2013.05.01 16:59:32.858,1.23275,1.2331,1.50,1.13
2013.05.01 16:59:33.891,1.23275,1.23305,1.50,1.13
2013.05.01 16:59:34.463,1.23272,1.23305,2.25,1.88
2013.05.01 16:59:36.232,1.23272,1.23304,2.25,1.65
2013.05.01 16:59:47.162,1.23272,1.23305,3.00,1.13
2013.05.01 16:59:49.383,1.23275,1.23305,1.13,1.65
2013.05.01 16:59:49.702,1.23278,1.23306,1.65,1.88
2013.05.01 16:59:55.433,1.2328,1.2331,1.50,1.28
2013.05.01 16:59:55.553,1.2328,1.23313,1.50,1.65
2013.05.01 16:59:55.613,1.2328,1.23314,1.50,1.50
2013.05.01 16:59:55.738,1.23282,1.23318,1.50,2.25
2013.05.01 16:59:55.936,1.23282,1.23318,1.50,1.50
2013.05.01 16:59:56.505,1.23282,1.23318,1.50,1.50
2013.05.01 16:59:57.084,1.23282,1.23318,1.50,1.50
2013.05.01 16:59:57.603,1.23282,1.23318,1.50,1.50
2013.05.01 16:59:57.842,1.23284,1.23321,1.50,2.25
2013.05.01 16:59:58.364,1.23282,1.23318,3.00,1.50
2013.05.01 16:59:58.930,1.23283,1.23317,3.00,1.50
2013.05.01 16:59:59.729,1.23284,1.23322,1.50,2.25
