2015.03.20 09:00:00.485,1.38852,1.38883,1.45,3.75
2015.03.20 09:00:01.005,1.38855,1.38883,1.00,3.75
2015.03.20 09:00:01.608,1.38855,1.38883,1.07,3.75
2015.03.20 09:00:05.477,1.38855,1.38882,1.00,1.12
2015.03.20 09:00:05.528,1.38853,1.38874,1.00,1.20
2015.03.20 09:00:06.003,1.38853,1.38874,1.19,1.39
2015.03.20 09:00:09.612,1.38853,1.38874,1.25,2.14
2015.03.20 09:00:12.019,1.38853,1.38874,1.25,2.14
2015.03.20 09:00:13.629,1.38853,1.38874,1.00,2.14
2015.03.20 09:00:16.181,1.38851,1.3888,1.26,1.31
2015.03.20 09:00:16.232,1.38851,1.38882,1.56,4.69
2015.03.20 09:00:16.746,1.38855,1.38882,1.10,2.14
2015.03.20 09:00:18.861,1.38864,1.38882,1.00,2.14
2015.03.20 09:00:19.163,1.38857,1.38882,1.26,1.07
2015.03.20 09:00:19.315,1.38857,1.38867,1.26,1.00
2015.03.20 09:00:19.365,1.38857,1.38867,1.07,1.00
2015.03.20 09:00:19.894,1.38853,1.38882,1.07,1.69
2015.03.20 09:00:22.030,1.38853,1.38882,1.37,1.69
2015.03.20 09:00:25.197,1.38853,1.38882,1.56,1.69
2015.03.20 09:00:26.139,1.38853,1.38881,1.56,1.57
2015.03.20 09:00:27.565,1.38853,1.38881,1.31,2.06
2015.03.20 09:00:29.440,1.38853,1.38883,1.50,4.31
2015.03.20 09:00:29.742,1.38855,1.38883,1.20,3.94
2015.03.20 09:00:29.976,1.38855,1.38882,1.69,1.45
2015.03.20 09:00:31.974,1.38855,1.38889,1.50,1.00
2015.03.20 09:00:32.126,1.38856,1.3889,1.37,1.39
2015.03.20 09:00:32.428,1.38854,1.38886,1.87,1.07
2015.03.20 09:00:32.479,1.38854,1.38893,1.12,1.94
2015.03.20 09:00:54.645,1.38863,1.38893,1.37,1.94
2015.03.20 09:01:00.374,1.38863,1.38893,1.10,2.00
2015.03.20 09:01:09.107,1.38863,1.38895,1.76,1.94
2015.03.20 09:01:11.166,1.38864,1.38894,1.00,1.37
2015.03.20 09:01:11.700,1.38863,1.38894,1.10,1.37
2015.03.20 09:01:13.841,1.38863,1.38894,1.47,2.00
2015.03.20 09:01:14.144,1.38868,1.38896,1.50,1.31
2015.03.20 09:01:15.107,1.3887,1.38896,1.00,1.31
2015.03.20 09:01:16.951,1.38871,1.38896,1.25,1.31
2015.03.20 09:01:17.535,1.38871,1.38896,1.25,1.94
2015.03.20 09:01:19.049,1.38871,1.38896,1.37,1.94
2015.03.20 09:01:19.352,1.38876,1.38895,1.00,1.22
2015.03.20 09:01:19.402,1.38873,1.38895,1.25,1.22
2015.03.20 09:01:19.554,1.3887,1.38895,1.12,1.22
2015.03.20 09:01:19.604,1.3887,1.38896,1.12,1.31
2015.03.20 09:01:20.827,1.3887,1.38894,1.31,1.62
2015.03.20 09:01:21.128,1.38873,1.38894,1.00,2.00
2015.03.20 09:01:22.710,1.38866,1.38893,1.26,2.81
2015.03.20 09:01:23.427,1.38866,1.38892,1.19,1.94
2015.03.20 09:01:23.988,1.38866,1.38892,1.00,2.00
2015.03.20 09:01:29.310,1.38867,1.38893,1.00,2.44
2015.03.20 09:01:31.497,1.38865,1.38891,1.56,1.22
2015.03.20 09:01:35.138,1.38866,1.38893,1.12,2.44
2015.03.20 09:01:35.189,1.38865,1.38884,1.00,1.12
2015.03.20 09:01:35.759,1.38864,1.38884,1.00,1.12
2015.03.20 09:01:37.585,1.38864,1.38884,1.00,2.06
2015.03.20 09:01:38.228,1.38863,1.38884,1.25,2.06
2015.03.20 09:01:38.747,1.38863,1.38884,1.00,2.14
2015.03.20 09:01:43.295,1.38863,1.38884,1.00,1.95
2015.03.20 09:01:43.396,1.3886,1.38884,1.20,1.45
2015.03.20 09:01:43.962,1.3886,1.38887,1.20,1.31
2015.03.20 09:01:44.836,1.3886,1.38889,1.45,2.06
2015.03.20 09:01:51.793,1.38861,1.38889,1.20,1.31
2015.03.20 09:01:52.548,1.38863,1.38888,1.10,1.22
2015.03.20 09:01:53.545,1.38865,1.38891,1.00,1.31
2015.03.20 09:01:58.538,1.38865,1.38893,1.12,2.81
2015.03.20 09:02:07.361,1.38866,1.38893,1.00,3.56
2015.03.20 09:02:10.116,1.38866,1.38883,1.00,1.00
2015.03.20 09:02:10.605,1.38864,1.38883,1.25,1.00
2015.03.20 09:02:11.300,1.38864,1.38883,1.00,1.19
2015.03.20 09:02:12.517,1.38864,1.38883,1.25,1.19
2015.03.20 09:02:13.366,1.38866,1.38883,1.00,1.19
2015.03.20 09:02:13.901,1.38866,1.38885,1.00,1.29
2015.03.20 09:02:15.429,1.38866,1.38883,1.00,1.62
2015.03.20 09:02:15.480,1.38863,1.38883,1.00,1.62
2015.03.20 09:02:16.398,1.38863,1.38883,1.00,1.66
2015.03.20 09:02:16.914,1.3886,1.38883,1.31,2.14
2015.03.20 09:02:18.434,1.3886,1.38883,1.12,2.14
2015.03.20 09:02:18.647,1.38864,1.38883,1.00,1.29
2015.03.20 09:02:19.151,1.38863,1.38883,1.00,1.66
2015.03.20 09:02:21.939,1.38863,1.38883,1.00,1.66
2015.03.20 09:02:21.989,1.38861,1.38883,1.00,1.66
2015.03.20 09:02:24.112,1.38863,1.38885,1.25,1.64
2015.03.20 09:02:26.181,1.38864,1.38885,1.00,1.69
2015.03.20 09:02:26.361,1.38862,1.38884,1.00,2.14
2015.03.20 09:02:26.513,1.38862,1.38884,1.00,2.14
2015.03.20 09:02:27.953,1.38862,1.38884,1.00,2.14
2015.03.20 09:02:28.588,1.38864,1.38885,1.00,1.64
2015.03.20 09:02:28.916,1.38862,1.38884,1.00,2.14
2015.03.20 09:02:31.342,1.38861,1.38884,1.00,2.14
2015.03.20 09:02:35.481,1.38861,1.38884,1.00,2.14
2015.03.20 09:02:36.113,1.3886,1.38884,1.00,2.89
2015.03.20 09:02:36.838,1.3886,1.38883,1.00,2.14
2015.03.20 09:02:36.940,1.38856,1.38883,1.12,2.51
2015.03.20 09:02:36.990,1.38856,1.38881,1.00,1.01
2015.03.20 09:02:37.628,1.38853,1.38881,1.07,1.01
2015.03.20 09:02:40.519,1.38854,1.38873,1.00,1.37
2015.03.20 09:02:41.668,1.38852,1.38877,1.10,1.01
2015.03.20 09:02:41.719,1.38852,1.38878,1.07,1.01
2015.03.20 09:02:41.872,1.38852,1.38881,1.07,1.76
2015.03.20 09:02:41.923,1.38852,1.38881,1.37,1.76
2015.03.20 09:02:42.747,1.38852,1.38881,1.75,1.74
2015.03.20 09:02:43.415,1.38859,1.38882,1.00,1.71
2015.03.20 09:02:43.954,1.38859,1.38882,1.00,1.71
2015.03.20 09:02:47.476,1.38859,1.38883,1.00,3.26
2015.03.20 09:02:52.507,1.38859,1.38882,1.00,1.71
2015.03.20 09:02:53.883,1.38859,1.38882,1.00,1.71
2015.03.20 09:02:54.353,1.38857,1.38881,1.50,1.84
2015.03.20 09:02:54.936,1.38857,1.38879,1.00,1.01
2015.03.20 09:02:55.239,1.38853,1.38881,1.31,1.76
2015.03.20 09:03:00.504,1.38853,1.38881,1.12,1.76
2015.03.20 09:03:01.526,1.38853,1.38881,1.12,1.76
2015.03.20 09:03:02.053,1.38854,1.38881,1.50,1.74
2015.03.20 09:03:02.487,1.38854,1.38881,1.69,1.09
2015.03.20 09:03:06.213,1.38859,1.38882,1.10,1.09
2015.03.20 09:03:13.050,1.38863,1.38883,1.00,1.64
2015.03.20 09:03:13.144,1.38863,1.38883,1.00,1.64
2015.03.20 09:03:14.948,1.38863,1.38883,1.00,1.64
2015.03.20 09:03:19.459,1.38863,1.38883,1.25,1.64
2015.03.20 09:03:19.993,1.38864,1.38884,1.00,2.59
2015.03.20 09:03:21.701,1.38866,1.38883,1.00,1.25
2015.03.20 09:03:27.265,1.38866,1.38883,1.00,1.19
2015.03.20 09:03:27.835,1.38866,1.38883,1.00,1.00
2015.03.20 09:03:36.974,1.3886,1.38883,1.64,1.25
2015.03.20 09:03:38.055,1.3886,1.38883,1.39,1.62
2015.03.20 09:03:39.974,1.3886,1.38883,1.66,1.25
2015.03.20 09:03:43.633,1.38861,1.38883,1.64,1.00
2015.03.20 09:03:44.253,1.38861,1.38883,1.64,1.00
2015.03.20 09:03:50.495,1.38858,1.38883,2.06,1.25
2015.03.20 09:03:51.654,1.38858,1.38883,2.06,1.19
2015.03.20 09:03:55.889,1.38858,1.38883,2.06,1.19
2015.03.20 09:03:56.865,1.38858,1.38883,2.06,1.19
2015.03.20 09:04:01.017,1.38858,1.38883,2.81,1.00
2015.03.20 09:04:03.885,1.38859,1.38883,2.44,1.00
2015.03.20 09:04:04.988,1.3886,1.38883,1.39,1.00
2015.03.20 09:04:13.848,1.3886,1.38883,1.64,1.00
2015.03.20 09:04:14.814,1.3886,1.38883,1.64,1.25
2015.03.20 09:04:15.367,1.38859,1.38883,1.69,1.25
2015.03.20 09:04:28.063,1.3886,1.38883,1.39,1.29
2015.03.20 09:04:28.785,1.3886,1.38883,1.39,1.01
2015.03.20 09:04:33.779,1.3886,1.38883,1.39,1.29
2015.03.20 09:04:34.402,1.3886,1.38884,1.64,1.76
2015.03.20 09:04:34.970,1.38861,1.38884,1.70,1.19
2015.03.20 09:04:36.168,1.38861,1.38884,1.64,1.19
2015.03.20 09:04:37.775,1.38861,1.38884,1.64,1.00
2015.03.20 09:04:38.878,1.38862,1.38884,1.64,1.00
2015.03.20 09:04:41.984,1.38862,1.38884,1.64,1.00
2015.03.20 09:04:44.391,1.38862,1.38884,1.64,1.00
2015.03.20 09:04:48.303,1.38861,1.38884,1.26,1.31
2015.03.20 09:04:49.403,1.38861,1.38884,1.64,1.19
2015.03.20 09:04:50.417,1.38861,1.38884,1.64,1.00
2015.03.20 09:04:56.022,1.38861,1.38884,1.64,1.00
2015.03.20 09:05:05.547,1.38861,1.38884,1.64,1.25
2015.03.20 09:05:07.465,1.38865,1.38885,1.69,1.00
2015.03.20 09:05:12.565,1.38865,1.38885,1.69,1.00
2015.03.20 09:05:15.774,1.38865,1.38885,1.69,1.00
2015.03.20 09:05:16.440,1.38868,1.38893,1.39,1.64
2015.03.20 09:05:16.943,1.38868,1.38893,2.06,1.56
2015.03.20 09:05:17.845,1.38868,1.38893,2.06,1.56
2015.03.20 09:05:21.384,1.38868,1.38893,2.06,1.25
2015.03.20 09:05:21.842,1.38875,1.38894,1.00,2.14
2015.03.20 09:05:22.148,1.38875,1.38896,1.26,1.29
2015.03.20 09:05:24.811,1.38874,1.38893,2.06,1.00
2015.03.20 09:05:25.775,1.38879,1.38903,1.64,1.76
2015.03.20 09:05:26.211,1.38879,1.38903,1.39,2.14
2015.03.20 09:05:26.571,1.38884,1.38903,1.00,1.39
2015.03.20 09:05:27.090,1.38884,1.38905,1.19,1.29
2015.03.20 09:05:28.827,1.38878,1.38903,1.69,1.19
2015.03.20 09:05:29.158,1.38878,1.38904,1.45,2.14
2015.03.20 09:05:29.730,1.38875,1.38904,1.31,1.69
2015.03.20 09:05:31.495,1.38879,1.38903,1.26,1.56
2015.03.20 09:05:32.429,1.38879,1.38903,1.26,1.56
2015.03.20 09:05:32.631,1.38883,1.38905,1.19,1.39
2015.03.20 09:05:33.752,1.38883,1.38906,1.26,1.39
2015.03.20 09:05:34.846,1.38884,1.38904,1.01,1.19
2015.03.20 09:05:35.534,1.38885,1.38905,1.00,1.69
2015.03.20 09:05:36.056,1.38885,1.38905,1.19,1.69
2015.03.20 09:05:37.372,1.38883,1.38904,1.26,1.19
2015.03.20 09:05:37.882,1.38884,1.38905,2.06,1.19
2015.03.20 09:05:38.654,1.38884,1.38905,2.06,1.19
2015.03.20 09:05:39.475,1.38887,1.38906,1.00,1.29
2015.03.20 09:05:39.795,1.38887,1.38906,2.00,1.19
2015.03.20 09:05:39.846,1.38887,1.38908,1.94,1.50
2015.03.20 09:05:39.896,1.3889,1.38908,1.12,1.00
2015.03.20 09:05:39.947,1.38892,1.38918,1.64,1.07
2015.03.20 09:05:40.103,1.38892,1.38911,1.94,1.00
2015.03.20 09:05:40.707,1.38905,1.38921,1.00,1.29
2015.03.20 09:05:41.150,1.38905,1.38928,1.19,2.06
2015.03.20 09:05:42.257,1.38897,1.38922,1.45,1.00
2015.03.20 09:05:42.408,1.38897,1.38923,1.95,1.01
2015.03.20 09:05:42.760,1.389,1.38923,1.31,1.00
2015.03.20 09:05:43.834,1.38901,1.38925,1.69,1.19
2015.03.20 09:05:44.145,1.38906,1.38928,1.10,1.29
2015.03.20 09:05:44.745,1.38906,1.38928,1.00,1.26
2015.03.20 09:05:45.832,1.389,1.38924,1.39,1.00
2015.03.20 09:05:45.882,1.38899,1.38924,2.14,1.25
2015.03.20 09:05:45.983,1.38896,1.38923,1.45,1.26
2015.03.20 09:05:47.903,1.38894,1.38923,1.69,1.26
2015.03.20 09:05:47.954,1.38899,1.38924,1.32,2.06
2015.03.20 09:05:48.792,1.38906,1.38924,1.00,1.31
2015.03.20 09:05:49.094,1.38906,1.38929,1.29,1.64
2015.03.20 09:05:51.282,1.38906,1.38926,1.32,1.25
2015.03.20 09:05:51.333,1.38904,1.38924,2.44,1.00
2015.03.20 09:05:51.586,1.38901,1.38924,2.14,1.00
2015.03.20 09:05:51.637,1.38901,1.38922,1.70,1.00
2015.03.20 09:05:52.391,1.38897,1.38922,1.64,1.10
2015.03.20 09:05:52.976,1.38897,1.38922,1.64,1.10
2015.03.20 09:05:53.491,1.38899,1.38925,1.45,2.14
2015.03.20 09:05:54.082,1.38899,1.38924,1.64,1.39
2015.03.20 09:05:54.812,1.38897,1.38921,2.44,1.00
2015.03.20 09:05:55.192,1.38897,1.38921,2.44,1.19
2015.03.20 09:05:55.823,1.38897,1.38921,2.44,1.25
2015.03.20 09:05:55.974,1.38895,1.38922,1.26,1.69
2015.03.20 09:05:56.190,1.38893,1.38923,1.10,2.81
2015.03.20 09:05:56.512,1.3889,1.38921,2.44,1.31
2015.03.20 09:05:56.720,1.3889,1.38921,2.14,1.31
2015.03.20 09:05:57.473,1.38892,1.38921,1.00,1.31
2015.03.20 09:05:58.824,1.38889,1.3892,1.64,1.09
2015.03.20 09:05:58.941,1.38889,1.38921,1.94,1.94
2015.03.20 09:06:08.049,1.38891,1.38921,1.64,1.94
2015.03.20 09:06:08.380,1.38896,1.38922,1.95,1.39
2015.03.20 09:06:08.432,1.38896,1.38922,2.14,1.39
2015.03.20 09:06:09.024,1.38898,1.38922,1.70,1.19
2015.03.20 09:06:11.030,1.38898,1.38922,1.45,1.00
2015.03.20 09:06:11.282,1.38894,1.38921,2.14,1.22
2015.03.20 09:06:11.942,1.38894,1.38923,1.26,2.44
2015.03.20 09:06:15.108,1.38916,1.38925,1.00,1.00
2015.03.20 09:06:15.160,1.38916,1.38941,1.00,2.06
2015.03.20 09:06:15.674,1.38916,1.38941,1.12,2.06
2015.03.20 09:06:16.796,1.38916,1.3894,1.31,1.36
2015.03.20 09:06:18.445,1.38917,1.3894,1.00,1.36
2015.03.20 09:06:18.950,1.38917,1.3894,1.00,1.36
2015.03.20 09:06:22.968,1.38917,1.38939,2.06,1.26
2015.03.20 09:06:26.281,1.38917,1.38939,1.31,1.29
2015.03.20 09:06:27.304,1.38917,1.38939,1.12,1.29
2015.03.20 09:06:28.415,1.38917,1.38939,1.12,1.29
2015.03.20 09:06:33.444,1.38917,1.38939,1.47,1.29
2015.03.20 09:06:35.181,1.38917,1.38939,1.19,1.26
2015.03.20 09:06:35.386,1.38917,1.38939,1.25,1.26
2015.03.20 09:06:38.444,1.38917,1.38938,1.25,2.44
2015.03.20 09:06:41.242,1.38917,1.38938,1.00,1.29
2015.03.20 09:06:43.336,1.38917,1.38938,1.00,2.06
2015.03.20 09:06:44.110,1.38917,1.38938,1.00,2.81
2015.03.20 09:06:49.931,1.38917,1.38936,1.00,1.26
2015.03.20 09:06:51.438,1.38917,1.38936,1.00,1.29
2015.03.20 09:06:52.245,1.38917,1.38936,1.25,1.29
2015.03.20 09:06:53.339,1.38917,1.38936,1.00,1.29
2015.03.20 09:06:57.072,1.38917,1.38936,1.00,1.29
2015.03.20 09:06:58.049,1.38917,1.38936,1.25,1.29
2015.03.20 09:06:59.194,1.38916,1.3894,2.89,1.19
2015.03.20 09:07:00.867,1.38916,1.3894,3.64,1.19
2015.03.20 09:07:02.242,1.38916,1.3894,3.64,1.19
2015.03.20 09:07:03.327,1.38916,1.3894,3.64,1.19
2015.03.20 09:07:08.105,1.38917,1.38939,1.25,1.19
2015.03.20 09:07:08.704,1.38916,1.38939,1.76,1.19
2015.03.20 09:07:11.001,1.38916,1.38939,2.14,1.19
2015.03.20 09:07:12.040,1.38916,1.3894,2.89,1.29
2015.03.20 09:07:13.599,1.38916,1.3894,2.89,1.29
2015.03.20 09:07:17.420,1.38916,1.3894,2.44,1.19
2015.03.20 09:07:18.826,1.38919,1.38943,1.70,1.26
2015.03.20 09:07:19.620,1.38919,1.38943,1.64,1.26
2015.03.20 09:07:20.924,1.38919,1.38943,1.64,1.26
2015.03.20 09:07:23.029,1.38919,1.38943,1.45,1.07
2015.03.20 09:07:24.441,1.38923,1.38955,1.57,2.04
2015.03.20 09:07:25.008,1.38923,1.38948,1.87,1.00
2015.03.20 09:07:28.278,1.38923,1.38951,1.12,1.39
2015.03.20 09:07:36.603,1.38922,1.38951,1.31,1.32
2015.03.20 09:07:47.266,1.38919,1.38953,1.60,2.44
2015.03.20 09:07:48.150,1.38919,1.38953,1.12,2.44
2015.03.20 09:07:50.239,1.38919,1.38952,1.12,1.64
2015.03.20 09:07:53.017,1.38919,1.38952,1.12,1.64
2015.03.20 09:07:54.942,1.38919,1.38949,1.12,1.19
2015.03.20 09:08:00.472,1.38918,1.38949,1.31,1.31
2015.03.20 09:08:09.681,1.38918,1.38948,1.31,1.25
2015.03.20 09:08:11.516,1.38918,1.38948,1.31,1.19
2015.03.20 09:08:13.494,1.38918,1.38948,1.31,1.19
2015.03.20 09:08:15.085,1.38918,1.38948,1.31,1.25
2015.03.20 09:08:16.327,1.38919,1.38948,1.31,1.19
2015.03.20 09:08:18.919,1.38919,1.38948,1.31,1.19
2015.03.20 09:08:19.914,1.38919,1.38948,1.31,1.25
2015.03.20 09:08:21.352,1.3892,1.38948,1.26,1.25
2015.03.20 09:08:21.654,1.38918,1.38948,1.01,1.31
2015.03.20 09:08:22.370,1.38918,1.38946,1.01,1.12
2015.03.20 09:08:24.879,1.38918,1.38945,1.00,1.56
2015.03.20 09:08:30.426,1.38916,1.38945,2.70,1.56
2015.03.20 09:08:40.491,1.38916,1.38947,2.70,1.31
2015.03.20 09:08:41.213,1.38916,1.38947,2.51,1.31
2015.03.20 09:08:45.999,1.38919,1.38949,1.87,1.69
2015.03.20 09:08:50.852,1.38919,1.38943,1.76,1.00
2015.03.20 09:08:50.903,1.38919,1.38943,1.20,1.25
2015.03.20 09:08:51.054,1.38919,1.38943,1.12,1.76
2015.03.20 09:08:51.174,1.38919,1.38943,1.12,2.06
2015.03.20 09:08:51.482,1.38917,1.38943,1.56,2.44
2015.03.20 09:08:52.047,1.38917,1.38943,1.56,2.44
2015.03.20 09:08:52.709,1.38917,1.38941,2.06,1.56
2015.03.20 09:08:53.486,1.38917,1.38941,2.06,2.06
2015.03.20 09:08:55.019,1.38917,1.38941,1.87,2.06
2015.03.20 09:08:57.326,1.38917,1.38938,1.12,1.32
2015.03.20 09:09:02.091,1.38917,1.38938,1.00,2.06
2015.03.20 09:09:05.840,1.38917,1.38937,1.00,1.26
2015.03.20 09:09:16.868,1.38917,1.38937,1.00,1.26
2015.03.20 09:09:33.431,1.38917,1.38938,1.00,2.06
2015.03.20 09:09:35.615,1.38917,1.38938,1.00,2.06
2015.03.20 09:09:36.607,1.38917,1.38938,1.00,1.31
2015.03.20 09:09:39.316,1.38917,1.38937,1.00,2.06
2015.03.20 09:09:39.855,1.38917,1.38937,1.00,2.06
2015.03.20 09:09:40.006,1.38917,1.38937,1.00,1.76
2015.03.20 09:09:40.086,1.38917,1.38937,1.00,2.06
2015.03.20 09:09:40.306,1.38917,1.38937,1.00,1.76
2015.03.20 09:09:41.395,1.38917,1.38937,1.00,2.06
2015.03.20 09:09:43.426,1.38917,1.38936,1.00,1.31
2015.03.20 09:09:43.815,1.38914,1.38933,1.00,1.29
2015.03.20 09:09:43.916,1.38908,1.38933,1.01,1.26
2015.03.20 09:09:44.174,1.38907,1.38936,1.01,3.19
2015.03.20 09:09:44.714,1.38907,1.38933,1.01,1.39
2015.03.20 09:09:49.448,1.38906,1.38933,2.32,1.26
2015.03.20 09:09:51.518,1.38906,1.38933,2.51,1.26
2015.03.20 09:09:57.439,1.38908,1.38933,1.00,1.26
2015.03.20 09:10:00.372,1.38908,1.38935,1.00,1.94
2015.03.20 09:10:01.060,1.38906,1.38935,2.32,1.69
2015.03.20 09:10:06.576,1.38908,1.38937,1.25,2.06
2015.03.20 09:10:07.465,1.38907,1.38937,1.01,2.06
2015.03.20 09:10:11.387,1.38907,1.38934,1.01,1.22
2015.03.20 09:10:15.331,1.38907,1.38937,1.01,2.06
2015.03.20 09:10:16.310,1.38907,1.38934,1.01,1.22
2015.03.20 09:10:20.446,1.38907,1.38937,2.04,1.31
2015.03.20 09:10:20.497,1.38917,1.38941,1.25,2.06
2015.03.20 09:10:21.024,1.38917,1.38941,1.25,2.06
2015.03.20 09:10:22.775,1.38917,1.38941,1.69,2.06
2015.03.20 09:10:22.876,1.38913,1.38941,1.01,1.56
2015.03.20 09:10:23.028,1.38909,1.38939,2.14,1.62
2015.03.20 09:10:23.938,1.38909,1.38939,1.76,1.56
2015.03.20 09:10:25.636,1.38909,1.38939,1.76,1.56
2015.03.20 09:10:27.140,1.38909,1.38939,1.76,1.31
2015.03.20 09:10:29.787,1.38915,1.3894,1.12,1.94
2015.03.20 09:10:29.838,1.38915,1.3894,1.12,1.94
2015.03.20 09:10:31.274,1.38915,1.38939,1.62,1.69
2015.03.20 09:10:33.197,1.38916,1.38939,1.31,1.69
2015.03.20 09:10:36.995,1.38916,1.38939,1.31,1.69
2015.03.20 09:10:37.969,1.38916,1.38939,1.12,1.69
2015.03.20 09:10:39.374,1.38916,1.38939,1.31,1.69
2015.03.20 09:10:41.468,1.38916,1.38939,1.56,2.44
2015.03.20 09:10:45.888,1.38916,1.38942,2.06,2.81
2015.03.20 09:11:00.693,1.38917,1.38942,1.56,2.44
2015.03.20 09:11:00.867,1.3892,1.38942,1.00,1.69
2015.03.20 09:11:01.954,1.3892,1.38942,1.19,1.69
2015.03.20 09:11:04.513,1.38917,1.38943,1.66,1.76
2015.03.20 09:11:04.671,1.38917,1.38943,1.66,1.76
2015.03.20 09:11:06.347,1.38917,1.38941,1.56,1.26
2015.03.20 09:11:06.891,1.38912,1.38942,1.76,1.56
2015.03.20 09:11:07.367,1.38912,1.38942,1.64,1.94
2015.03.20 09:11:11.515,1.3891,1.38941,2.44,1.69
2015.03.20 09:11:12.058,1.3891,1.38941,2.14,1.69
2015.03.20 09:11:18.888,1.38909,1.38939,1.64,1.69
2015.03.20 09:11:20.184,1.38909,1.38937,1.01,1.56
2015.03.20 09:11:21.589,1.38909,1.38936,1.57,1.22
2015.03.20 09:11:22.894,1.38907,1.38934,2.51,1.26
2015.03.20 09:11:23.911,1.38909,1.38935,1.10,1.76
2015.03.20 09:11:25.907,1.38909,1.38935,1.10,1.76
2015.03.20 09:11:29.909,1.38909,1.38935,1.10,1.76
2015.03.20 09:11:30.826,1.38907,1.38935,2.51,2.14
2015.03.20 09:11:35.322,1.38907,1.38935,2.32,2.14
2015.03.20 09:11:40.361,1.38907,1.38935,2.32,2.44
2015.03.20 09:11:43.484,1.38907,1.38932,2.32,1.26
2015.03.20 09:11:48.164,1.38907,1.38932,2.51,1.26
2015.03.20 09:11:51.184,1.38907,1.38932,2.51,1.26
2015.03.20 09:12:05.521,1.38907,1.3893,2.32,1.19
2015.03.20 09:12:07.324,1.38907,1.3893,1.76,1.19
2015.03.20 09:12:08.236,1.38907,1.38933,1.76,1.39
2015.03.20 09:12:09.640,1.38907,1.38931,1.57,1.29
2015.03.20 09:12:10.733,1.38909,1.38928,1.00,1.00
2015.03.20 09:12:11.240,1.38906,1.38927,1.85,1.00
2015.03.20 09:12:13.072,1.38906,1.38927,1.57,1.19
2015.03.20 09:12:13.915,1.38905,1.38927,1.01,1.19
2015.03.20 09:12:14.573,1.38907,1.38928,1.37,1.19
2015.03.20 09:12:15.793,1.38907,1.38928,1.37,1.19
2015.03.20 09:12:16.325,1.38904,1.38928,1.01,1.19
2015.03.20 09:12:17.567,1.38905,1.38927,1.01,1.19
2015.03.20 09:12:19.031,1.38905,1.38927,1.01,1.19
2015.03.20 09:12:21.037,1.38906,1.38927,1.01,1.19
2015.03.20 09:12:24.177,1.38905,1.3893,1.01,1.76
2015.03.20 09:12:24.718,1.38905,1.3893,1.01,1.26
2015.03.20 09:12:25.348,1.38906,1.3893,1.01,1.26
2015.03.20 09:12:28.088,1.38907,1.38927,1.00,1.19
2015.03.20 09:12:29.645,1.38908,1.38927,1.00,1.19
2015.03.20 09:12:34.310,1.38907,1.38927,1.25,1.19
2015.03.20 09:12:36.422,1.38907,1.38927,1.00,1.19
2015.03.20 09:12:37.268,1.38908,1.38927,1.00,1.19
2015.03.20 09:12:37.420,1.38908,1.38929,1.00,1.29
2015.03.20 09:12:38.370,1.38907,1.38929,1.00,1.29
2015.03.20 09:12:38.622,1.38907,1.38933,1.00,1.94
2015.03.20 09:12:40.552,1.38903,1.38932,1.00,1.07
2015.03.20 09:12:41.715,1.38903,1.38932,1.10,1.31
2015.03.20 09:12:42.241,1.38903,1.38932,1.19,1.31
2015.03.20 09:12:46.235,1.38903,1.38932,1.19,1.07
2015.03.20 09:12:46.285,1.38903,1.38932,1.56,1.07
2015.03.20 09:12:51.286,1.38903,1.38935,2.44,2.44
2015.03.20 09:12:51.555,1.38903,1.38935,1.69,2.44
2015.03.20 09:12:52.128,1.38903,1.38935,1.69,2.44
2015.03.20 09:12:57.015,1.38903,1.38935,1.69,2.44
2015.03.20 09:12:59.029,1.38903,1.38934,1.50,1.37
2015.03.20 09:12:59.535,1.38903,1.38934,1.50,1.37
2015.03.20 09:13:00.272,1.38903,1.38934,1.76,1.62
2015.03.20 09:13:06.392,1.38903,1.38934,1.76,1.56
2015.03.20 09:13:06.793,1.38904,1.38934,1.01,1.69
2015.03.20 09:13:07.917,1.38903,1.38934,1.76,1.56
2015.03.20 09:13:08.592,1.38903,1.38935,1.57,2.06
2015.03.20 09:13:08.702,1.38903,1.38935,1.87,2.06
2015.03.20 09:13:10.600,1.38903,1.38935,2.44,2.06
2015.03.20 09:13:12.103,1.38903,1.38935,2.44,2.06
2015.03.20 09:13:15.735,1.38903,1.38935,2.44,1.69
2015.03.20 09:13:16.162,1.38908,1.38937,1.47,1.56
2015.03.20 09:13:17.544,1.38908,1.3894,2.14,2.44
2015.03.20 09:13:21.731,1.38909,1.3894,1.64,1.94
2015.03.20 09:13:27.763,1.38909,1.3894,1.64,2.81
2015.03.20 09:13:28.826,1.38909,1.3894,1.64,2.81
2015.03.20 09:13:30.201,1.3891,1.38941,1.64,1.56
2015.03.20 09:13:30.847,1.3891,1.38941,1.64,1.56
2015.03.20 09:13:34.045,1.38909,1.38941,2.51,1.56
2015.03.20 09:13:38.806,1.38909,1.38941,2.89,1.56
2015.03.20 09:13:41.861,1.38911,1.38941,1.01,1.31
2015.03.20 09:13:44.885,1.38911,1.38941,1.01,1.31
2015.03.20 09:13:46.834,1.38911,1.38941,1.01,1.31
2015.03.20 09:13:49.376,1.38911,1.38941,1.01,1.31
2015.03.20 09:13:52.212,1.38911,1.38941,1.01,1.31
2015.03.20 09:13:59.844,1.38911,1.38934,1.01,1.00
2015.03.20 09:13:59.945,1.38914,1.38934,1.19,1.12
2015.03.20 09:14:00.495,1.38911,1.38933,1.56,1.12
2015.03.20 09:14:00.646,1.38911,1.38933,1.56,1.31
2015.03.20 09:14:01.637,1.38911,1.38933,1.37,1.12
2015.03.20 09:14:01.939,1.3891,1.3894,1.64,1.94
2015.03.20 09:14:06.316,1.38912,1.3894,1.56,1.31
2015.03.20 09:14:06.651,1.38918,1.38942,1.00,1.94
2015.03.20 09:14:08.193,1.38918,1.38942,1.19,1.94
2015.03.20 09:14:08.923,1.38918,1.38942,1.00,1.94
2015.03.20 09:14:10.518,1.38918,1.38942,1.00,1.94
2015.03.20 09:14:10.830,1.38918,1.38942,1.00,1.94
2015.03.20 09:14:12.905,1.38913,1.38943,1.56,2.06
2015.03.20 09:14:23.157,1.38913,1.38942,1.56,2.44
2015.03.20 09:14:25.664,1.38913,1.38942,1.56,2.44
2015.03.20 09:14:27.972,1.38914,1.38942,1.56,1.31
2015.03.20 09:14:29.121,1.38914,1.38942,1.56,2.06
2015.03.20 09:14:32.092,1.38914,1.38942,1.56,2.06
2015.03.20 09:14:34.391,1.38914,1.38942,1.56,2.06
2015.03.20 09:14:36.134,1.38914,1.38942,1.56,2.06
2015.03.20 09:14:39.364,1.38916,1.38943,1.37,3.19
2015.03.20 09:14:42.165,1.38913,1.38943,2.14,3.56
2015.03.20 09:14:42.215,1.38913,1.38942,1.56,1.12
2015.03.20 09:14:43.292,1.38913,1.38942,1.56,1.31
2015.03.20 09:14:45.840,1.38913,1.38933,1.56,1.00
2015.03.20 09:14:46.189,1.38913,1.38933,1.19,1.07
2015.03.20 09:14:47.152,1.38909,1.38938,2.14,1.94
2015.03.20 09:14:47.921,1.38909,1.3894,1.64,2.06
2015.03.20 09:14:53.852,1.38911,1.38934,1.56,1.10
2015.03.20 09:14:53.953,1.38911,1.38934,1.56,1.07
2015.03.20 09:14:56.172,1.38911,1.38941,1.56,2.44
2015.03.20 09:14:57.711,1.3891,1.38941,1.01,1.31
2015.03.20 09:15:00.160,1.38915,1.38941,2.06,1.94
2015.03.20 09:15:00.211,1.38915,1.38941,2.06,1.94
2015.03.20 09:15:00.973,1.38917,1.38941,1.56,1.26
2015.03.20 09:15:01.169,1.38917,1.38941,2.06,1.26
2015.03.20 09:15:02.381,1.38917,1.38941,2.81,1.26
2015.03.20 09:15:03.269,1.38919,1.38943,1.12,2.81
2015.03.20 09:15:10.580,1.38919,1.38943,1.31,2.81
2015.03.20 09:15:13.022,1.38919,1.38943,1.31,2.81
2015.03.20 09:15:14.920,1.38919,1.38943,1.31,2.81
2015.03.20 09:15:15.932,1.38919,1.38943,1.31,2.81
2015.03.20 09:15:23.826,1.38919,1.38943,1.31,2.81
2015.03.20 09:15:25.046,1.38919,1.38943,1.31,2.81
2015.03.20 09:15:27.028,1.38919,1.38943,1.12,2.81
2015.03.20 09:15:27.179,1.38916,1.38942,1.62,2.06
2015.03.20 09:15:27.933,1.38914,1.38941,1.56,1.62
2015.03.20 09:15:40.981,1.3891,1.3894,1.39,1.94
2015.03.20 09:15:41.032,1.3891,1.3894,1.39,1.94
2015.03.20 09:15:44.211,1.38908,1.38937,1.66,1.69
2015.03.20 09:15:52.936,1.38908,1.38938,1.64,1.56
2015.03.20 09:15:53.933,1.38908,1.38938,1.64,1.56
2015.03.20 09:16:01.442,1.38908,1.38936,1.39,1.69
2015.03.20 09:16:05.669,1.38908,1.38936,1.66,1.94
2015.03.20 09:16:13.552,1.38907,1.38936,2.14,2.44
2015.03.20 09:16:15.481,1.38907,1.38932,1.37,1.26
2015.03.20 09:16:18.120,1.38907,1.38932,1.37,1.26
2015.03.20 09:16:21.619,1.38907,1.38932,1.00,1.64
2015.03.20 09:16:21.719,1.38902,1.38936,2.17,3.94
2015.03.20 09:16:22.385,1.38899,1.38928,1.30,1.75
2015.03.20 09:16:22.486,1.389,1.38931,1.05,1.39
2015.03.20 09:16:24.216,1.38901,1.38933,1.67,1.31
2015.03.20 09:16:25.212,1.38903,1.38935,1.37,1.69
2015.03.20 09:16:26.652,1.38903,1.38935,1.37,1.56
2015.03.20 09:16:26.854,1.389,1.38934,1.42,1.56
2015.03.20 09:16:26.955,1.38903,1.38935,1.87,2.06
2015.03.20 09:16:27.487,1.38903,1.38935,1.95,1.69
2015.03.20 09:16:29.693,1.38903,1.38935,2.14,2.06
2015.03.20 09:16:30.200,1.38903,1.38935,2.06,1.94
2015.03.20 09:16:32.144,1.38937,1.38944,1.00,3.00
2015.03.20 09:16:32.195,1.38937,1.38953,1.25,1.10
2015.03.20 09:16:32.296,1.38938,1.38965,1.00,1.66
2015.03.20 09:16:32.448,1.38929,1.38961,1.69,1.12
2015.03.20 09:16:32.499,1.38929,1.38961,1.00,1.12
2015.03.20 09:16:32.600,1.3892,1.38968,2.81,1.69
2015.03.20 09:16:32.650,1.38932,1.38963,1.00,1.56
2015.03.20 09:16:33.173,1.38922,1.38969,1.31,1.94
2015.03.20 09:16:33.274,1.38922,1.38968,1.94,1.94
2015.03.20 09:16:33.478,1.38924,1.38968,1.31,1.94
2015.03.20 09:16:34.021,1.3892,1.38969,2.06,1.94
2015.03.20 09:16:35.404,1.3892,1.38969,2.06,1.94
2015.03.20 09:16:35.560,1.3892,1.38969,1.39,2.44
2015.03.20 09:16:36.583,1.38915,1.3897,2.81,2.44
2015.03.20 09:16:36.996,1.38911,1.38967,1.31,1.31
2015.03.20 09:16:49.623,1.38915,1.38966,1.31,1.94
2015.03.20 09:16:50.623,1.38917,1.38966,1.22,1.94
2015.03.20 09:16:59.353,1.38932,1.38961,1.00,1.70
2015.03.20 09:16:59.876,1.3892,1.38965,1.31,1.31
2015.03.20 09:17:02.620,1.38932,1.38964,1.12,1.69
2015.03.20 09:17:05.208,1.38929,1.38957,2.06,1.00
2015.03.20 09:17:09.222,1.38929,1.38956,1.12,1.00
2015.03.20 09:17:10.592,1.38937,1.38955,1.00,1.00
2015.03.20 09:17:11.101,1.38937,1.38955,1.07,1.00
2015.03.20 09:17:11.645,1.38937,1.38956,1.07,1.00
2015.03.20 09:17:13.927,1.38937,1.38959,1.07,1.00
2015.03.20 09:17:14.500,1.38937,1.38959,1.10,1.10
2015.03.20 09:17:19.941,1.38936,1.38955,1.32,1.00
2015.03.20 09:17:20.467,1.38938,1.38955,1.00,1.00
2015.03.20 09:17:20.517,1.38936,1.38955,1.76,1.00
2015.03.20 09:17:20.806,1.38936,1.38955,1.76,1.00
2015.03.20 09:17:22.410,1.38937,1.38955,1.00,1.00
2015.03.20 09:17:27.923,1.38937,1.38955,1.00,1.07
2015.03.20 09:17:28.522,1.38932,1.38953,1.69,1.00
2015.03.20 09:17:29.168,1.38932,1.38953,2.44,1.25
2015.03.20 09:17:31.673,1.38935,1.38953,1.19,1.25
2015.03.20 09:17:32.041,1.38935,1.38953,1.25,1.00
2015.03.20 09:17:33.273,1.38936,1.38953,1.07,1.00
2015.03.20 09:17:33.323,1.38937,1.38959,1.10,1.12
2015.03.20 09:17:33.849,1.38937,1.3896,1.10,1.00
2015.03.20 09:17:34.470,1.38937,1.3896,1.47,1.00
2015.03.20 09:17:41.201,1.38937,1.3896,2.89,1.00
2015.03.20 09:17:44.519,1.38937,1.3896,2.89,1.00
2015.03.20 09:17:46.049,1.3894,1.3896,1.00,1.00
2015.03.20 09:17:46.643,1.3894,1.38959,1.00,1.00
2015.03.20 09:17:47.149,1.38939,1.38958,1.00,1.00
2015.03.20 09:17:47.482,1.38939,1.38956,1.00,1.00
2015.03.20 09:17:57.858,1.38939,1.38956,1.19,1.00
2015.03.20 09:17:58.849,1.38939,1.38956,1.19,1.00
2015.03.20 09:18:00.981,1.38939,1.38957,1.25,1.00
2015.03.20 09:18:04.358,1.38936,1.38945,1.00,1.00
2015.03.20 09:18:04.409,1.3893,1.38944,1.31,1.00
2015.03.20 09:18:04.509,1.38924,1.38943,1.31,1.00
2015.03.20 09:18:04.611,1.38937,1.38948,1.00,1.26
2015.03.20 09:18:04.812,1.38933,1.3895,1.64,1.00
2015.03.20 09:18:04.864,1.38932,1.38957,1.64,1.07
2015.03.20 09:18:04.915,1.38932,1.38954,1.64,1.00
2015.03.20 09:18:05.016,1.3893,1.38954,1.22,1.12
2015.03.20 09:18:06.626,1.38928,1.38953,1.94,1.00
2015.03.20 09:18:08.446,1.38928,1.38954,1.94,1.57
2015.03.20 09:18:12.732,1.38927,1.38954,3.19,1.57
2015.03.20 09:18:18.854,1.38927,1.38953,3.19,1.00
2015.03.20 09:18:23.789,1.38931,1.38953,1.00,1.00
2015.03.20 09:18:23.842,1.38937,1.38953,1.00,1.00
2015.03.20 09:18:24.094,1.38937,1.38956,1.00,1.25
2015.03.20 09:18:27.239,1.38937,1.38956,2.51,1.00
2015.03.20 09:18:39.430,1.38938,1.38956,1.29,1.00
2015.03.20 09:18:41.033,1.38938,1.38956,1.29,1.00
2015.03.20 09:18:41.336,1.38938,1.3895,1.10,1.00
2015.03.20 09:18:41.538,1.38923,1.38945,2.44,1.50
2015.03.20 09:18:41.589,1.38936,1.38945,1.00,1.00
2015.03.20 09:18:41.690,1.38936,1.3895,1.00,1.31
2015.03.20 09:18:41.741,1.38936,1.3895,1.00,1.00
2015.03.20 09:18:41.853,1.38936,1.38954,1.10,1.00
2015.03.20 09:18:42.382,1.38928,1.38953,1.69,1.10
2015.03.20 09:18:42.943,1.38928,1.38953,1.39,1.07
2015.03.20 09:18:43.239,1.38928,1.38953,1.39,1.07
2015.03.20 09:18:44.700,1.3893,1.38953,1.39,1.00
2015.03.20 09:18:45.349,1.3893,1.38953,1.29,1.50
2015.03.20 09:18:45.450,1.38931,1.38949,1.25,1.50
2015.03.20 09:18:45.652,1.38929,1.38953,1.19,1.26
2015.03.20 09:18:46.188,1.38929,1.38953,1.19,1.31
2015.03.20 09:18:48.253,1.38929,1.38953,1.19,1.31
2015.03.20 09:18:49.595,1.38929,1.38953,1.19,1.31
2015.03.20 09:18:50.457,1.38926,1.38946,1.69,1.07
2015.03.20 09:18:50.887,1.38926,1.38946,1.19,1.26
2015.03.20 09:18:51.437,1.38924,1.38947,1.31,2.06
2015.03.20 09:18:52.262,1.38924,1.38947,1.31,2.06
2015.03.20 09:18:55.904,1.38925,1.38944,1.19,1.10
2015.03.20 09:18:57.615,1.38923,1.38944,1.37,1.10
2015.03.20 09:18:57.666,1.38921,1.38942,1.07,1.00
2015.03.20 09:18:57.818,1.38915,1.3894,1.66,1.00
2015.03.20 09:18:57.969,1.38919,1.38947,1.37,1.69
2015.03.20 09:18:58.020,1.38919,1.38949,1.50,1.69
2015.03.20 09:18:58.070,1.38919,1.38936,1.50,1.00
2015.03.20 09:18:59.204,1.38917,1.38936,1.29,1.00
2015.03.20 09:18:59.305,1.38917,1.38936,1.10,1.00
2015.03.20 09:18:59.741,1.3891,1.38934,2.51,1.69
2015.03.20 09:18:59.792,1.3891,1.38934,1.39,2.06
2015.03.20 09:19:01.205,1.38913,1.38934,1.29,1.00
2015.03.20 09:19:02.194,1.38913,1.38934,1.29,1.00
2015.03.20 09:19:05.150,1.38913,1.38934,1.29,1.00
2015.03.20 09:19:06.668,1.38914,1.38934,1.26,1.00
2015.03.20 09:19:12.178,1.38914,1.38937,2.14,1.10
2015.03.20 09:19:12.482,1.38917,1.38937,1.94,1.00
2015.03.20 09:19:12.583,1.38917,1.3894,2.81,1.00
2015.03.20 09:19:12.684,1.38927,1.38943,1.00,1.00
2015.03.20 09:19:12.735,1.38927,1.38947,1.00,1.00
2015.03.20 09:19:12.836,1.38927,1.38937,1.00,1.00
2015.03.20 09:19:12.988,1.38918,1.38937,1.56,1.00
2015.03.20 09:19:13.089,1.38918,1.38937,1.31,1.00
2015.03.20 09:19:13.190,1.38919,1.38937,1.31,1.00
2015.03.20 09:19:13.342,1.38917,1.38937,1.12,1.00
2015.03.20 09:19:13.393,1.38917,1.38939,1.12,1.10
2015.03.20 09:19:13.445,1.38922,1.38946,1.00,1.75
2015.03.20 09:19:13.547,1.38923,1.38946,1.12,1.00
2015.03.20 09:19:13.598,1.3892,1.38951,1.31,1.45
2015.03.20 09:19:13.749,1.38919,1.38951,1.31,1.75
2015.03.20 09:19:14.002,1.38923,1.38951,1.37,1.95
2015.03.20 09:19:14.784,1.38923,1.38953,1.37,2.14
2015.03.20 09:19:24.298,1.38923,1.38953,1.75,1.32
2015.03.20 09:19:29.689,1.38923,1.38953,2.00,1.07
2015.03.20 09:19:33.038,1.38923,1.38947,2.00,1.00
2015.03.20 09:19:33.240,1.38918,1.38944,1.64,1.57
2015.03.20 09:19:33.392,1.38917,1.38943,2.44,2.14
2015.03.20 09:19:33.543,1.38917,1.3894,1.31,1.07
2015.03.20 09:19:33.594,1.38913,1.38941,2.06,1.69
2015.03.20 09:19:33.795,1.3891,1.38941,1.64,2.44
2015.03.20 09:19:35.722,1.3891,1.38941,1.64,2.44
2015.03.20 09:19:41.104,1.3891,1.38941,1.64,2.44
2015.03.20 09:19:42.031,1.3891,1.38941,2.14,2.06
2015.03.20 09:19:42.912,1.3891,1.38938,1.39,1.22
2015.03.20 09:19:45.419,1.38909,1.38941,1.64,3.56
2015.03.20 09:19:47.302,1.38909,1.38937,1.64,1.37
2015.03.20 09:19:47.353,1.38909,1.38938,1.26,1.12
2015.03.20 09:19:47.555,1.38905,1.38936,1.26,1.87
2015.03.20 09:19:48.076,1.38905,1.38935,1.76,1.37
2015.03.20 09:19:49.880,1.38905,1.38936,1.64,1.87
2015.03.20 09:20:00.699,1.38905,1.38935,1.26,1.62
2015.03.20 09:20:02.064,1.38905,1.38935,1.26,1.56
2015.03.20 09:20:02.717,1.38905,1.38936,1.64,2.06
2015.03.20 09:20:03.328,1.38905,1.38936,1.76,1.94
2015.03.20 09:20:04.108,1.38905,1.38936,1.64,1.87
2015.03.20 09:20:05.831,1.38905,1.38935,1.26,1.12
2015.03.20 09:20:06.416,1.38901,1.38935,2.05,2.44
2015.03.20 09:20:07.180,1.38901,1.38935,2.05,3.19
2015.03.20 09:20:08.230,1.38901,1.38931,2.05,1.26
2015.03.20 09:20:12.694,1.38901,1.38929,2.05,1.29
2015.03.20 09:20:14.259,1.38901,1.38929,1.75,1.19
2015.03.20 09:20:14.310,1.38901,1.38929,1.75,1.19
2015.03.20 09:20:15.051,1.38897,1.3893,1.60,1.39
2015.03.20 09:20:15.601,1.38897,1.3893,1.60,1.39
2015.03.20 09:20:17.924,1.38902,1.38931,1.00,1.26
2015.03.20 09:20:18.460,1.389,1.38932,1.30,2.06
2015.03.20 09:20:18.804,1.38903,1.38932,1.00,1.31
2015.03.20 09:20:20.129,1.38903,1.38934,1.00,1.56
2015.03.20 09:20:23.446,1.38899,1.38932,1.30,1.31
2015.03.20 09:20:25.328,1.38899,1.38932,1.30,2.06
2015.03.20 09:20:26.432,1.38899,1.38932,1.30,2.06
2015.03.20 09:20:27.915,1.38901,1.38932,1.32,1.31
2015.03.20 09:20:28.230,1.38903,1.38935,1.37,2.81
2015.03.20 09:20:29.438,1.38903,1.38935,1.62,2.44
2015.03.20 09:20:30.190,1.38903,1.38935,1.69,2.44
2015.03.20 09:20:30.641,1.38903,1.38935,1.37,1.69
2015.03.20 09:20:31.744,1.38903,1.38935,1.37,1.69
2015.03.20 09:20:36.304,1.38903,1.38935,1.00,1.50
2015.03.20 09:20:36.406,1.38906,1.38936,1.37,1.75
2015.03.20 09:20:36.507,1.38906,1.38936,1.75,1.07
2015.03.20 09:20:37.253,1.38906,1.38936,1.75,1.07
2015.03.20 09:20:38.137,1.38906,1.38936,2.06,1.07
2015.03.20 09:20:38.750,1.38906,1.38936,2.44,1.10
2015.03.20 09:20:39.347,1.38906,1.38927,1.69,1.00
2015.03.20 09:20:39.599,1.38897,1.38919,1.31,1.00
2015.03.20 09:20:39.650,1.38897,1.38924,1.31,1.07
2015.03.20 09:20:39.801,1.38901,1.3893,1.75,1.07
2015.03.20 09:20:39.953,1.389,1.38925,1.31,1.00
2015.03.20 09:20:40.003,1.38897,1.38925,2.06,1.00
2015.03.20 09:20:40.155,1.38897,1.38929,1.31,1.07
2015.03.20 09:20:40.255,1.38895,1.38937,1.56,1.94
2015.03.20 09:20:42.956,1.38896,1.38941,1.31,1.31
2015.03.20 09:20:43.157,1.389,1.38936,2.32,1.62
2015.03.20 09:20:44.181,1.38904,1.38936,1.64,1.00
2015.03.20 09:20:44.728,1.38904,1.38936,1.64,1.00
2015.03.20 09:20:46.987,1.38904,1.38936,1.26,1.39
2015.03.20 09:20:49.579,1.38905,1.38936,1.26,1.39
2015.03.20 09:20:50.588,1.38905,1.38923,1.26,1.00
2015.03.20 09:20:50.789,1.38899,1.38923,1.76,1.50
2015.03.20 09:20:50.840,1.38899,1.38923,1.76,1.50
2015.03.20 09:20:52.201,1.38904,1.38924,1.00,1.26
2015.03.20 09:20:53.504,1.38904,1.38924,1.19,1.26
2015.03.20 09:20:55.312,1.38904,1.38924,1.00,1.26
2015.03.20 09:20:56.510,1.38904,1.38924,1.00,1.26
2015.03.20 09:20:58.138,1.38899,1.38921,1.50,1.00
2015.03.20 09:20:58.239,1.38894,1.3892,1.31,1.07
2015.03.20 09:20:58.441,1.38897,1.38921,1.01,1.20
2015.03.20 09:20:59.007,1.38892,1.38921,2.44,1.37
2015.03.20 09:21:00.401,1.38895,1.3892,1.10,1.50
2015.03.20 09:21:05.990,1.38895,1.38923,1.56,1.39
2015.03.20 09:21:06.292,1.38896,1.38922,2.14,1.26
2015.03.20 09:21:06.657,1.38894,1.38922,1.26,1.26
2015.03.20 09:21:07.526,1.38901,1.38922,1.00,1.26
2015.03.20 09:21:08.071,1.38901,1.38924,1.07,1.26
2015.03.20 09:21:08.745,1.38901,1.38924,2.14,1.26
2015.03.20 09:21:10.182,1.38902,1.38924,1.39,1.26
2015.03.20 09:21:10.735,1.38905,1.38924,1.00,1.26
2015.03.20 09:21:13.785,1.38905,1.38924,1.25,1.26
2015.03.20 09:21:16.544,1.38905,1.38925,1.29,1.29
2015.03.20 09:21:19.176,1.38905,1.38925,1.26,1.19
2015.03.20 09:21:26.480,1.38905,1.38925,1.26,1.25
2015.03.20 09:21:32.813,1.38905,1.38925,1.32,1.50
2015.03.20 09:21:34.537,1.38905,1.38925,1.01,1.57
2015.03.20 09:21:35.603,1.38905,1.38925,1.29,1.76
2015.03.20 09:21:40.841,1.38905,1.38925,1.01,1.76
2015.03.20 09:21:46.029,1.38905,1.38925,1.29,1.76
2015.03.20 09:21:54.490,1.38905,1.38925,1.29,1.57
2015.03.20 09:21:57.957,1.38905,1.38925,1.29,1.10
2015.03.20 09:22:03.393,1.38906,1.38928,1.12,1.12
2015.03.20 09:22:03.494,1.38908,1.38932,1.07,1.20
2015.03.20 09:22:03.841,1.38908,1.38937,1.45,2.44
2015.03.20 09:22:05.150,1.38907,1.38938,3.56,1.64
2015.03.20 09:22:06.562,1.3891,1.3894,1.39,1.94
2015.03.20 09:22:07.176,1.3891,1.38942,1.64,3.56
2015.03.20 09:22:07.428,1.38912,1.38942,2.25,1.69
2015.03.20 09:22:07.760,1.38913,1.38942,1.12,1.64
2015.03.20 09:22:08.596,1.38913,1.38942,1.31,1.64
2015.03.20 09:22:10.717,1.38914,1.38942,1.31,1.00
2015.03.20 09:22:10.768,1.38916,1.38945,1.56,1.00
2015.03.20 09:22:11.166,1.38916,1.38947,1.56,1.00
2015.03.20 09:22:14.501,1.38916,1.38947,1.37,1.39
2015.03.20 09:22:17.518,1.38916,1.38947,1.37,1.39
2015.03.20 09:22:19.443,1.38916,1.38947,1.62,1.39
2015.03.20 09:22:20.051,1.38915,1.38949,2.25,1.94
2015.03.20 09:22:21.589,1.38915,1.38949,2.25,1.94
2015.03.20 09:22:22.093,1.38915,1.38949,2.25,1.94
2015.03.20 09:22:27.063,1.38913,1.38944,2.06,2.06
2015.03.20 09:22:27.113,1.38913,1.38944,2.06,2.14
2015.03.20 09:22:27.973,1.38913,1.38944,2.06,2.14
2015.03.20 09:22:31.334,1.38911,1.3894,1.31,1.19
2015.03.20 09:22:31.636,1.38911,1.38933,1.31,1.00
2015.03.20 09:22:31.737,1.38911,1.38933,1.32,1.00
2015.03.20 09:22:31.989,1.38911,1.38933,1.20,1.19
2015.03.20 09:22:33.155,1.38907,1.38933,3.56,1.69
2015.03.20 09:22:35.562,1.38907,1.38933,3.56,1.69
2015.03.20 09:22:36.472,1.38911,1.38937,1.50,1.56
2015.03.20 09:22:36.584,1.38911,1.38937,1.50,1.56
2015.03.20 09:22:36.735,1.38911,1.3894,1.50,1.29
2015.03.20 09:22:37.753,1.38915,1.38948,1.75,2.44
2015.03.20 09:22:37.804,1.38915,1.38948,1.75,1.69
2015.03.20 09:22:41.219,1.38918,1.38948,1.37,2.14
2015.03.20 09:22:43.134,1.38918,1.38948,1.62,2.14
2015.03.20 09:22:43.748,1.38918,1.38948,1.37,2.14
2015.03.20 09:22:44.906,1.38927,1.38946,1.00,1.29
2015.03.20 09:22:46.525,1.38925,1.38947,1.01,1.39
2015.03.20 09:22:46.626,1.38923,1.38947,1.07,1.95
2015.03.20 09:22:46.727,1.38916,1.38948,1.69,1.50
2015.03.20 09:22:49.229,1.38914,1.38948,1.94,2.44
2015.03.20 09:22:50.120,1.38914,1.38948,1.75,2.44
2015.03.20 09:22:51.598,1.38931,1.38948,1.00,2.44
2015.03.20 09:22:51.900,1.38927,1.38934,1.00,1.00
2015.03.20 09:22:51.951,1.3892,1.38934,1.07,1.00
2015.03.20 09:22:52.002,1.38914,1.38934,1.94,1.00
2015.03.20 09:22:52.103,1.38912,1.38943,2.06,1.69
2015.03.20 09:22:52.254,1.38915,1.38943,1.12,1.07
2015.03.20 09:22:52.305,1.38915,1.38948,1.50,2.06
2015.03.20 09:22:52.356,1.38915,1.38943,1.50,1.00
2015.03.20 09:22:52.771,1.38917,1.38947,1.12,1.26
2015.03.20 09:22:57.060,1.38917,1.38947,1.12,1.26
2015.03.20 09:22:57.676,1.38915,1.38942,1.69,1.00
2015.03.20 09:22:58.005,1.38915,1.38942,1.31,1.07
2015.03.20 09:23:02.324,1.38913,1.38939,1.69,1.00
2015.03.20 09:23:02.626,1.38911,1.38933,1.56,1.00
2015.03.20 09:23:02.778,1.3891,1.38933,1.69,1.50
2015.03.20 09:23:03.343,1.38909,1.38933,1.26,1.57
2015.03.20 09:23:03.877,1.38908,1.38932,2.44,1.00
2015.03.20 09:23:05.636,1.38908,1.38932,2.44,1.25
2015.03.20 09:23:07.451,1.38916,1.38947,1.50,1.31
2015.03.20 09:23:08.263,1.38914,1.38948,2.00,2.44
2015.03.20 09:23:10.486,1.38918,1.38947,2.62,1.29
2015.03.20 09:23:11.485,1.38918,1.38949,3.56,1.39
2015.03.20 09:23:12.988,1.38918,1.38949,3.56,1.39
2015.03.20 09:23:17.022,1.38919,1.38948,1.31,1.39
2015.03.20 09:23:17.324,1.38926,1.38948,1.20,1.29
2015.03.20 09:23:18.176,1.38926,1.38948,1.20,1.19
2015.03.20 09:23:18.774,1.38926,1.38948,1.20,1.25
2015.03.20 09:23:19.177,1.38918,1.3895,2.06,1.64
2015.03.20 09:23:19.278,1.38918,1.38946,1.75,1.39
2015.03.20 09:23:19.480,1.38915,1.38948,1.94,1.94
2015.03.20 09:23:24.011,1.38912,1.38945,2.00,1.69
2015.03.20 09:23:24.555,1.38912,1.38945,2.00,2.06
2015.03.20 09:23:31.489,1.38913,1.38945,1.12,1.50
2015.03.20 09:23:36.536,1.38912,1.38945,1.75,2.06
2015.03.20 09:23:41.037,1.38913,1.38945,1.12,1.94
2015.03.20 09:23:47.084,1.38912,1.38945,1.75,2.06
2015.03.20 09:23:53.051,1.38913,1.38945,1.12,1.94
2015.03.20 09:23:53.576,1.38912,1.38945,2.06,2.06
2015.03.20 09:23:54.056,1.38912,1.38945,1.12,2.06
2015.03.20 09:24:09.010,1.38912,1.38944,1.69,1.75
2015.03.20 09:24:15.500,1.38912,1.38946,2.62,1.69
2015.03.20 09:24:27.814,1.38915,1.38947,2.00,2.44
2015.03.20 09:24:28.034,1.38915,1.38947,2.00,2.06
2015.03.20 09:24:46.070,1.38913,1.38947,1.94,1.69
2015.03.20 09:24:46.765,1.38914,1.38942,1.07,2.06
2015.03.20 09:24:47.337,1.38914,1.38942,1.07,2.06
2015.03.20 09:24:48.378,1.38911,1.38935,1.94,1.00
2015.03.20 09:24:48.744,1.38911,1.38935,1.64,1.00
2015.03.20 09:24:49.292,1.38908,1.38935,1.64,1.12
2015.03.20 09:24:49.976,1.38908,1.38935,1.64,1.12
2015.03.20 09:24:51.452,1.3891,1.3893,1.19,1.07
2015.03.20 09:24:52.066,1.38907,1.3893,2.14,1.07
2015.03.20 09:24:53.800,1.38907,1.38933,2.44,2.14
2015.03.20 09:24:54.677,1.38907,1.38932,1.69,1.39
2015.03.20 09:25:00.524,1.38907,1.38932,1.94,1.56
2015.03.20 09:25:01.287,1.38907,1.38932,1.94,1.56
2015.03.20 09:25:02.173,1.38908,1.38932,2.06,1.31
2015.03.20 09:25:02.274,1.38908,1.38932,1.69,1.31
2015.03.20 09:25:05.566,1.38908,1.38932,1.19,2.06
2015.03.20 09:25:05.718,1.38894,1.38913,1.32,1.00
2015.03.20 09:25:05.768,1.38887,1.38913,2.14,1.45
2015.03.20 09:25:05.819,1.38885,1.38913,1.94,1.70
2015.03.20 09:25:05.920,1.38884,1.38905,1.87,1.00
2015.03.20 09:25:05.970,1.38884,1.38905,1.12,1.00
2015.03.20 09:25:06.021,1.38877,1.38905,1.39,1.37
2015.03.20 09:25:06.223,1.38874,1.38905,1.12,1.69
2015.03.20 09:25:06.324,1.38874,1.38905,1.00,1.37
2015.03.20 09:25:06.425,1.3887,1.38907,1.01,1.75
2015.03.20 09:25:06.476,1.38868,1.38907,1.64,1.87
2015.03.20 09:25:07.932,1.38872,1.38907,1.37,1.87
2015.03.20 09:25:08.134,1.3887,1.38906,1.31,1.69
2015.03.20 09:25:08.336,1.38866,1.38902,1.69,1.07
2015.03.20 09:25:09.384,1.38866,1.38902,1.00,1.07
2015.03.20 09:25:09.638,1.38862,1.38905,1.19,1.37
2015.03.20 09:25:09.739,1.38862,1.38905,1.94,1.37
2015.03.20 09:25:16.785,1.38867,1.389,1.31,1.07
2015.03.20 09:25:17.087,1.38872,1.38905,1.69,1.69
2015.03.20 09:25:18.743,1.38875,1.38906,1.50,1.56
2015.03.20 09:25:20.345,1.38877,1.38906,1.45,1.37
2015.03.20 09:25:20.546,1.3888,1.38908,1.20,1.69
2015.03.20 09:25:20.613,1.3888,1.38908,1.20,1.69
2015.03.20 09:25:24.824,1.38887,1.38908,1.00,1.31
2015.03.20 09:25:25.026,1.38887,1.38909,1.00,1.26
2015.03.20 09:25:25.570,1.38887,1.38909,1.00,1.26
2015.03.20 09:25:27.236,1.38887,1.3891,1.19,1.39
2015.03.20 09:25:29.430,1.38887,1.3891,1.31,1.26
2015.03.20 09:25:32.364,1.38887,1.3891,1.31,1.26
2015.03.20 09:25:32.903,1.38887,1.38912,1.37,1.12
2015.03.20 09:25:32.954,1.3889,1.38913,1.37,1.12
2015.03.20 09:25:33.055,1.3889,1.38914,1.47,1.47
2015.03.20 09:25:33.308,1.38877,1.38921,1.31,2.06
2015.03.20 09:25:33.459,1.38884,1.38917,1.37,1.07
2015.03.20 09:25:33.964,1.38884,1.38917,1.45,1.12
2015.03.20 09:25:41.174,1.38885,1.38916,1.26,1.26
2015.03.20 09:25:46.074,1.38885,1.38916,2.14,1.26
2015.03.20 09:25:47.790,1.38885,1.38916,2.14,1.26
2015.03.20 09:25:52.082,1.38887,1.38919,1.56,2.44
2015.03.20 09:25:52.334,1.38887,1.38919,1.62,2.14
2015.03.20 09:25:52.963,1.38887,1.38919,2.00,2.14
2015.03.20 09:25:56.547,1.38882,1.3893,1.69,1.69
2015.03.20 09:25:56.936,1.38882,1.3893,1.69,1.69
2015.03.20 09:25:59.817,1.38883,1.3893,2.06,1.31
2015.03.20 09:26:02.237,1.38884,1.3893,1.76,1.31
2015.03.20 09:26:03.676,1.38885,1.3893,1.01,1.31
2015.03.20 09:26:05.931,1.38885,1.3893,1.01,1.31
2015.03.20 09:26:16.060,1.38885,1.3893,1.64,1.31
2015.03.20 09:26:17.719,1.38885,1.3893,1.64,1.31
2015.03.20 09:26:17.893,1.38885,1.3893,1.01,1.56
2015.03.20 09:26:21.696,1.38886,1.3893,1.31,1.56
2015.03.20 09:26:22.002,1.38886,1.38928,1.31,1.12
2015.03.20 09:26:22.213,1.38885,1.38929,1.01,1.31
2015.03.20 09:26:22.415,1.38881,1.38926,1.94,1.31
2015.03.20 09:26:22.773,1.38879,1.38925,1.39,1.62
2015.03.20 09:26:22.874,1.38879,1.38925,1.20,1.56
2015.03.20 09:26:23.026,1.38872,1.38926,1.31,1.31
2015.03.20 09:26:24.191,1.38871,1.38926,2.06,1.31
2015.03.20 09:26:24.844,1.38874,1.38924,1.01,2.00
2015.03.20 09:26:25.096,1.38873,1.3892,1.69,1.12
2015.03.20 09:26:25.657,1.38873,1.3892,1.69,1.31
2015.03.20 09:26:28.513,1.38883,1.38915,1.00,1.07
2015.03.20 09:26:28.913,1.38875,1.38921,4.31,1.31
2015.03.20 09:26:29.065,1.38881,1.38914,1.37,1.37
2015.03.20 09:26:29.639,1.38877,1.38909,1.00,1.37
2015.03.20 09:26:29.963,1.38877,1.38907,1.37,1.07
2015.03.20 09:26:32.803,1.38874,1.38906,1.25,1.07
2015.03.20 09:26:32.957,1.38876,1.38907,1.00,1.12
2015.03.20 09:26:33.260,1.38873,1.38907,1.56,1.07
2015.03.20 09:26:33.361,1.38873,1.38903,1.56,1.00
2015.03.20 09:26:33.663,1.38885,1.38903,1.00,1.56
2015.03.20 09:26:33.815,1.38881,1.38904,1.00,1.87
2015.03.20 09:26:33.916,1.38878,1.38898,1.00,1.00
2015.03.20 09:26:34.017,1.38872,1.38898,1.00,1.00
2015.03.20 09:26:34.312,1.3887,1.38903,1.31,3.94
2015.03.20 09:26:34.564,1.38868,1.38897,1.26,1.07
2015.03.20 09:26:34.766,1.38868,1.38897,1.25,1.07
2015.03.20 09:26:35.018,1.38864,1.38896,1.00,1.07
2015.03.20 09:26:35.320,1.38864,1.38896,1.07,1.07
2015.03.20 09:26:35.573,1.38858,1.389,2.06,1.12
2015.03.20 09:26:35.724,1.38865,1.38897,1.00,1.87
2015.03.20 09:26:36.393,1.38865,1.38897,1.07,1.12
2015.03.20 09:26:36.712,1.38865,1.38897,1.37,1.07
2015.03.20 09:26:39.035,1.38868,1.38898,1.64,1.31
2015.03.20 09:26:39.873,1.38868,1.38894,1.31,1.12
2015.03.20 09:26:40.076,1.38863,1.38892,1.62,1.07
2015.03.20 09:26:40.126,1.38863,1.38887,1.62,1.00
2015.03.20 09:26:40.278,1.3886,1.38888,1.20,1.12
2015.03.20 09:26:43.720,1.38865,1.38891,1.95,1.64
2015.03.20 09:26:44.356,1.38865,1.38885,1.70,1.00
2015.03.20 09:26:44.709,1.38871,1.38885,1.12,1.10
2015.03.20 09:26:45.235,1.38865,1.38885,1.66,1.50
2015.03.20 09:26:46.128,1.3886,1.38883,2.44,1.87
2015.03.20 09:26:46.179,1.3885,1.38882,2.84,2.62
2015.03.20 09:26:46.330,1.3885,1.38882,2.84,2.25
2015.03.20 09:26:46.431,1.3885,1.38882,2.54,2.62
2015.03.20 09:26:46.533,1.3885,1.38882,2.84,2.25
2015.03.20 09:26:46.970,1.38853,1.38887,1.42,2.14
2015.03.20 09:26:47.487,1.3885,1.38891,1.34,1.87
2015.03.20 09:26:47.588,1.3885,1.38891,2.09,1.20
2015.03.20 09:26:47.638,1.38854,1.38894,1.04,1.26
2015.03.20 09:26:47.941,1.38857,1.38899,1.31,1.37
2015.03.20 09:26:47.992,1.38855,1.38899,2.09,1.00
2015.03.20 09:26:48.143,1.38857,1.38907,2.44,1.64
2015.03.20 09:26:48.295,1.38859,1.38908,2.44,1.56
2015.03.20 09:26:48.943,1.3886,1.38908,1.69,1.94
2015.03.20 09:26:50.897,1.3886,1.38908,1.31,2.06
2015.03.20 09:26:53.265,1.3886,1.38908,1.31,1.31
2015.03.20 09:26:55.273,1.3886,1.38908,1.31,1.31
2015.03.20 09:26:56.341,1.38867,1.38908,1.00,1.31
2015.03.20 09:26:56.646,1.38872,1.38905,1.12,1.69
2015.03.20 09:26:56.753,1.38874,1.38906,1.37,1.32
2015.03.20 09:26:56.803,1.38874,1.38903,1.37,1.37
2015.03.20 09:26:57.005,1.38871,1.38902,1.69,1.95
2015.03.20 09:26:57.538,1.3887,1.38901,2.14,2.00
2015.03.20 09:26:58.731,1.3887,1.38901,2.44,1.94
2015.03.20 09:26:58.951,1.3887,1.38901,1.76,1.94
2015.03.20 09:27:00.537,1.38877,1.38903,1.26,1.64
2015.03.20 09:27:04.186,1.38877,1.38903,1.64,1.64
2015.03.20 09:27:05.391,1.38876,1.38902,2.14,1.64
2015.03.20 09:27:08.501,1.38876,1.389,2.14,1.01
2015.03.20 09:27:09.725,1.38876,1.389,2.14,1.29
2015.03.20 09:27:10.272,1.38876,1.389,2.14,1.39
2015.03.20 09:27:10.575,1.38876,1.3889,1.00,1.69
2015.03.20 09:27:11.510,1.38861,1.38886,1.76,1.26
2015.03.20 09:27:11.612,1.3886,1.38886,1.69,1.39
2015.03.20 09:27:11.713,1.38856,1.38882,1.00,1.56
2015.03.20 09:27:12.067,1.38852,1.38882,1.59,1.94
2015.03.20 09:27:12.837,1.38852,1.38882,1.67,1.69
2015.03.20 09:27:13.471,1.38854,1.38885,1.13,2.00
2015.03.20 09:27:13.522,1.38854,1.38886,1.10,1.26
2015.03.20 09:27:14.064,1.3885,1.38893,1.34,2.44
2015.03.20 09:27:14.165,1.38853,1.38887,1.60,1.00
2015.03.20 09:27:14.475,1.38856,1.38888,1.79,1.12
2015.03.20 09:27:14.693,1.38856,1.38888,1.00,1.12
2015.03.20 09:27:15.196,1.38856,1.38888,1.19,1.12
2015.03.20 09:27:17.357,1.38856,1.38888,1.25,1.31
2015.03.20 09:27:17.860,1.38856,1.38888,1.19,1.31
2015.03.20 09:27:19.405,1.38856,1.38888,1.29,1.12
2015.03.20 09:27:20.091,1.38856,1.38874,1.29,1.00
2015.03.20 09:27:20.648,1.38848,1.38873,2.84,1.00
2015.03.20 09:27:21.170,1.38848,1.38873,2.17,1.07
2015.03.20 09:27:23.353,1.38848,1.38873,1.67,2.14
2015.03.20 09:27:24.594,1.38847,1.38873,2.17,2.89
2015.03.20 09:27:26.195,1.38847,1.38873,2.17,2.89
2015.03.20 09:27:28.359,1.38847,1.38873,2.17,2.89
2015.03.20 09:27:31.479,1.38849,1.38873,1.72,1.31
2015.03.20 09:27:31.684,1.38849,1.38873,1.72,1.31
2015.03.20 09:27:36.101,1.38849,1.38875,3.22,1.39
2015.03.20 09:27:36.202,1.38851,1.38878,1.67,1.45
2015.03.20 09:27:39.788,1.38853,1.38883,1.72,3.00
2015.03.20 09:27:39.889,1.38854,1.38885,1.04,2.25
2015.03.20 09:27:39.990,1.38855,1.38885,1.60,1.10
2015.03.20 09:27:40.091,1.38855,1.38885,1.23,1.10
2015.03.20 09:27:40.243,1.38855,1.38885,1.23,1.37
2015.03.20 09:27:40.531,1.38855,1.38888,1.23,1.69
2015.03.20 09:27:41.592,1.38855,1.38888,1.79,1.69
2015.03.20 09:27:43.105,1.38855,1.38888,1.32,1.31
2015.03.20 09:27:44.538,1.38853,1.38886,1.67,1.45
2015.03.20 09:27:47.736,1.38853,1.38885,2.17,1.10
2015.03.20 09:27:54.669,1.38853,1.38885,2.17,1.47
2015.03.20 09:27:55.370,1.38853,1.38885,2.17,1.47
2015.03.20 09:27:55.885,1.38853,1.38883,1.23,1.87
2015.03.20 09:27:58.503,1.38853,1.38883,1.10,1.87
2015.03.20 09:28:01.621,1.38856,1.38883,1.53,1.31
2015.03.20 09:28:01.671,1.38857,1.38885,1.62,1.66
2015.03.20 09:28:02.390,1.38857,1.38886,2.06,1.64
2015.03.20 09:28:02.903,1.38858,1.38888,1.31,2.44
2015.03.20 09:28:04.321,1.38857,1.38874,2.62,1.00
2015.03.20 09:28:04.623,1.38857,1.38869,1.00,1.00
2015.03.20 09:28:04.724,1.38858,1.38882,1.00,2.04
2015.03.20 09:28:05.324,1.38857,1.38882,1.87,2.21
2015.03.20 09:28:06.503,1.38846,1.3888,1.40,1.47
2015.03.20 09:28:06.554,1.38846,1.3888,1.56,1.47
2015.03.20 09:28:11.453,1.38845,1.38879,1.12,1.37
2015.03.20 09:28:14.013,1.38845,1.38879,1.50,1.47
2015.03.20 09:28:15.540,1.38845,1.38873,1.50,1.00
2015.03.20 09:28:15.870,1.3884,1.38871,1.94,1.75
2015.03.20 09:28:16.429,1.38839,1.3887,1.64,1.37
2015.03.20 09:28:17.442,1.38839,1.3887,1.69,1.56
2015.03.20 09:28:20.812,1.38838,1.38868,1.66,2.06
2015.03.20 09:28:22.982,1.38838,1.38867,1.56,1.62
2015.03.20 09:28:23.424,1.38838,1.38867,1.56,1.62
2015.03.20 09:28:26.266,1.38836,1.38867,3.64,2.06
2015.03.20 09:28:31.143,1.38836,1.38867,3.64,2.06
2015.03.20 09:28:33.684,1.38836,1.38867,3.64,2.06
2015.03.20 09:28:36.355,1.38844,1.38867,1.00,2.06
2015.03.20 09:28:36.557,1.38844,1.38868,1.87,1.69
2015.03.20 09:28:37.248,1.38844,1.38868,2.81,1.26
2015.03.20 09:28:37.883,1.38844,1.38868,2.81,1.26
2015.03.20 09:28:39.302,1.38846,1.3887,2.06,1.69
2015.03.20 09:28:40.653,1.38846,1.3887,2.06,1.39
2015.03.20 09:28:43.376,1.38846,1.3887,2.06,1.39
2015.03.20 09:28:45.781,1.38846,1.3887,2.06,1.39
2015.03.20 09:28:49.979,1.38847,1.38871,1.56,1.64
2015.03.20 09:28:50.992,1.38847,1.38871,1.56,1.64
2015.03.20 09:28:53.332,1.38847,1.38871,1.56,1.64
2015.03.20 09:28:55.510,1.38847,1.38871,1.56,1.64
2015.03.20 09:29:04.227,1.38847,1.38871,1.56,1.64
2015.03.20 09:29:09.639,1.38847,1.38871,1.56,1.64
2015.03.20 09:29:14.362,1.38847,1.38871,1.56,1.26
2015.03.20 09:29:18.817,1.38846,1.38871,1.31,1.69
2015.03.20 09:29:19.866,1.38846,1.38871,1.31,1.69
2015.03.20 09:29:24.890,1.38846,1.38871,1.31,1.69
2015.03.20 09:29:28.885,1.38846,1.38871,1.25,1.69
2015.03.20 09:29:34.999,1.38846,1.38871,1.19,1.69
2015.03.20 09:29:40.418,1.38845,1.38871,1.31,1.69
2015.03.20 09:30:00.860,1.38845,1.38869,1.12,1.20
2015.03.20 09:30:00.911,1.38845,1.38866,1.00,1.12
2015.03.20 09:30:01.213,1.38843,1.38866,1.00,1.84
2015.03.20 09:30:07.076,1.38843,1.38866,1.00,1.84
2015.03.20 09:30:08.826,1.38843,1.38864,1.00,1.19
2015.03.20 09:30:09.806,1.38843,1.38864,1.00,1.19
2015.03.20 09:30:13.289,1.38843,1.38864,1.19,1.00
2015.03.20 09:30:14.003,1.38845,1.38864,1.00,1.00
2015.03.20 09:30:17.172,1.38845,1.38863,1.00,1.00
2015.03.20 09:30:17.474,1.38837,1.38863,1.69,1.20
2015.03.20 09:30:17.525,1.38837,1.38863,1.39,1.20
2015.03.20 09:30:18.073,1.38837,1.38863,1.39,1.20
2015.03.20 09:30:23.932,1.38837,1.38861,1.00,1.20
2015.03.20 09:30:31.762,1.38837,1.38862,1.00,1.39
2015.03.20 09:30:32.625,1.38837,1.38857,1.00,1.00
2015.03.20 09:30:33.032,1.38837,1.38862,1.50,1.69
2015.03.20 09:30:40.284,1.38837,1.38862,1.50,1.69
2015.03.20 09:30:41.457,1.38837,1.38862,1.50,1.69
2015.03.20 09:30:42.162,1.38837,1.38862,1.50,1.69
2015.03.20 09:30:44.964,1.38837,1.38861,1.50,1.39
2015.03.20 09:30:47.602,1.38837,1.38859,1.50,1.29
2015.03.20 09:30:48.597,1.38837,1.38859,1.50,1.29
2015.03.20 09:30:49.281,1.38837,1.38859,1.50,1.29
2015.03.20 09:30:51.187,1.38837,1.38859,1.50,1.29
2015.03.20 09:30:52.706,1.38837,1.38859,1.50,1.29
2015.03.20 09:30:56.602,1.38837,1.38859,1.50,1.29
2015.03.20 09:30:58.657,1.38837,1.38859,1.50,1.29
2015.03.20 09:30:59.108,1.38837,1.38859,1.50,1.29
2015.03.20 09:31:02.917,1.38836,1.38859,1.00,1.29
2015.03.20 09:31:03.966,1.38836,1.38858,1.00,1.26
2015.03.20 09:31:04.692,1.38837,1.38858,1.00,1.26
2015.03.20 09:31:05.299,1.38837,1.38858,1.00,1.26
2015.03.20 09:31:07.171,1.38837,1.38858,1.00,1.26
2015.03.20 09:31:08.155,1.38837,1.38858,1.00,1.26
2015.03.20 09:31:08.401,1.38836,1.3886,1.00,1.31
2015.03.20 09:31:13.659,1.38837,1.38859,1.00,1.19
2015.03.20 09:31:14.220,1.38837,1.38859,1.00,1.31
2015.03.20 09:31:14.881,1.38837,1.38859,1.00,1.31
2015.03.20 09:31:15.311,1.38837,1.38862,1.00,1.69
2015.03.20 09:31:16.066,1.38836,1.38858,1.00,1.29
2015.03.20 09:31:16.569,1.38837,1.38859,1.00,1.26
2015.03.20 09:31:17.800,1.38837,1.38862,1.00,2.14
2015.03.20 09:31:18.186,1.38836,1.3886,1.00,1.29
2015.03.20 09:31:18.701,1.38837,1.38862,1.00,2.44
2015.03.20 09:31:19.379,1.38837,1.38862,1.00,2.44
2015.03.20 09:31:49.257,1.38837,1.38862,1.10,1.26
2015.03.20 09:31:54.165,1.38837,1.38862,1.10,1.26
2015.03.20 09:31:56.369,1.38837,1.38862,1.10,1.26
2015.03.20 09:31:58.594,1.38836,1.38862,1.07,1.26
2015.03.20 09:31:59.585,1.38837,1.3886,1.00,1.31
2015.03.20 09:32:00.088,1.38836,1.3886,1.50,1.26
2015.03.20 09:32:00.697,1.38836,1.38861,1.07,1.26
2015.03.20 09:32:01.183,1.38836,1.3886,1.19,1.26
2015.03.20 09:32:01.511,1.38836,1.3886,1.94,1.19
2015.03.20 09:32:03.497,1.38836,1.38862,1.94,1.19
2015.03.20 09:32:03.549,1.38837,1.38863,1.94,1.19
2015.03.20 09:32:05.293,1.38837,1.38862,1.94,1.19
2015.03.20 09:32:06.429,1.38837,1.38862,1.94,1.19
2015.03.20 09:32:07.400,1.38837,1.38862,1.94,1.25
2015.03.20 09:32:07.763,1.38841,1.38861,1.12,1.00
2015.03.20 09:32:08.228,1.38847,1.38863,1.07,1.00
2015.03.20 09:32:08.329,1.38847,1.38862,1.75,1.00
2015.03.20 09:32:08.631,1.38847,1.38868,1.94,1.00
2015.03.20 09:32:08.732,1.38847,1.38873,2.06,1.29
2015.03.20 09:32:09.536,1.38847,1.38873,2.06,1.19
2015.03.20 09:32:09.920,1.38847,1.38873,2.06,1.25
2015.03.20 09:32:11.760,1.38847,1.38873,2.06,1.19
2015.03.20 09:32:12.974,1.38847,1.38873,2.06,1.19
2015.03.20 09:32:14.363,1.38847,1.38873,2.06,1.19
2015.03.20 09:32:15.855,1.38849,1.38873,1.31,1.25
2015.03.20 09:32:23.188,1.38849,1.38873,1.31,1.00
2015.03.20 09:32:24.708,1.38849,1.38874,1.31,2.51
2015.03.20 09:32:25.750,1.38849,1.38874,1.31,2.51
2015.03.20 09:32:29.598,1.38849,1.38873,1.69,1.19
2015.03.20 09:32:30.486,1.38869,1.38881,2.74,1.75
2015.03.20 09:32:30.536,1.38869,1.38894,3.56,1.25
2015.03.20 09:32:30.738,1.38869,1.38895,2.06,1.69
2015.03.20 09:32:31.976,1.38867,1.38895,1.69,2.14
2015.03.20 09:32:32.499,1.38874,1.38895,1.00,2.14
2015.03.20 09:32:32.650,1.38877,1.38895,1.00,1.76
2015.03.20 09:32:33.177,1.38877,1.38895,1.00,2.14
2015.03.20 09:32:33.992,1.38877,1.38893,1.00,1.00
2015.03.20 09:32:34.307,1.38871,1.38893,1.19,1.00
2015.03.20 09:32:34.792,1.3887,1.38893,2.51,1.00
2015.03.20 09:32:36.433,1.38882,1.38895,1.94,1.37
2015.03.20 09:32:36.484,1.38883,1.3891,1.69,1.69
2015.03.20 09:32:36.635,1.38883,1.3891,1.69,1.69
2015.03.20 09:32:36.686,1.38883,1.3891,1.94,1.31
2015.03.20 09:32:37.234,1.38884,1.3891,1.94,1.20
2015.03.20 09:32:38.114,1.38885,1.3891,1.94,1.39
2015.03.20 09:32:39.141,1.38887,1.3891,1.29,1.39
2015.03.20 09:32:40.629,1.38887,1.3891,2.14,1.07
2015.03.20 09:32:40.680,1.38893,1.38916,1.87,1.75
2015.03.20 09:32:40.781,1.38896,1.38925,1.45,1.07
2015.03.20 09:32:40.883,1.3889,1.3891,2.06,1.00
2015.03.20 09:32:40.984,1.3889,1.3891,2.06,1.00
2015.03.20 09:32:41.085,1.3889,1.3891,1.94,1.00
2015.03.20 09:32:41.236,1.38895,1.38926,1.94,1.31
2015.03.20 09:32:41.541,1.38897,1.38928,1.62,1.12
2015.03.20 09:32:41.743,1.38896,1.38941,1.31,1.00
2015.03.20 09:32:42.248,1.38895,1.38951,2.44,1.94
2015.03.20 09:32:43.040,1.38895,1.38951,1.62,1.94
2015.03.20 09:32:43.091,1.38895,1.38943,1.62,1.31
2015.03.20 09:32:43.393,1.38895,1.38941,1.69,1.37
2015.03.20 09:32:46.215,1.38896,1.38941,1.62,1.31
2015.03.20 09:32:54.064,1.38896,1.38916,1.37,1.00
2015.03.20 09:32:54.115,1.38888,1.3891,1.94,1.00
2015.03.20 09:32:54.267,1.38887,1.3891,1.31,1.07
2015.03.20 09:32:55.201,1.38887,1.3891,1.31,1.07
2015.03.20 09:32:56.202,1.38887,1.3891,1.31,1.32
2015.03.20 09:32:57.451,1.38886,1.3891,1.56,2.89
2015.03.20 09:32:57.566,1.38885,1.38909,1.31,1.39
2015.03.20 09:33:00.108,1.38885,1.38909,1.31,1.66
2015.03.20 09:33:04.447,1.38885,1.38909,1.31,1.39
2015.03.20 09:33:05.276,1.38885,1.38904,1.31,1.00
2015.03.20 09:33:05.532,1.38879,1.38904,1.69,1.01
2015.03.20 09:33:05.870,1.38877,1.38904,1.31,1.07
2015.03.20 09:33:05.971,1.38875,1.38903,2.00,1.95
2015.03.20 09:33:06.072,1.38874,1.38903,1.39,1.95
2015.03.20 09:33:08.035,1.38874,1.38903,1.39,1.95
2015.03.20 09:33:08.136,1.38874,1.38903,1.39,1.95
2015.03.20 09:33:10.427,1.38874,1.38903,1.39,1.95
2015.03.20 09:33:11.241,1.38874,1.38903,1.39,1.95
2015.03.20 09:33:12.484,1.38876,1.38903,1.69,1.95
2015.03.20 09:33:16.242,1.38877,1.38902,1.26,1.20
2015.03.20 09:33:18.977,1.38875,1.38902,1.56,1.45
2015.03.20 09:33:19.079,1.38875,1.38902,1.26,1.50
2015.03.20 09:33:20.719,1.38874,1.38902,1.64,1.50
2015.03.20 09:33:21.587,1.38874,1.38902,2.14,1.12
2015.03.20 09:33:22.099,1.38875,1.38903,1.69,1.87
2015.03.20 09:33:22.985,1.38875,1.38903,1.69,1.87
2015.03.20 09:33:26.487,1.38875,1.38903,1.69,1.87
2015.03.20 09:33:28.406,1.38874,1.38903,2.44,1.87
2015.03.20 09:33:29.334,1.38874,1.38903,1.64,1.57
2015.03.20 09:33:30.637,1.38874,1.38903,1.64,1.57
2015.03.20 09:33:31.914,1.38874,1.38903,1.26,1.95
2015.03.20 09:33:32.921,1.38874,1.38903,1.26,1.95
2015.03.20 09:33:38.132,1.38874,1.38902,1.64,1.07
2015.03.20 09:33:39.641,1.38874,1.38902,1.26,1.45
2015.03.20 09:33:41.360,1.38867,1.38898,1.31,1.50
2015.03.20 09:33:41.415,1.38862,1.38898,2.06,1.69
2015.03.20 09:33:43.057,1.38866,1.38898,1.31,1.12
2015.03.20 09:33:52.276,1.38866,1.38898,1.31,1.00
2015.03.20 09:33:53.579,1.38866,1.38898,2.06,1.00
2015.03.20 09:33:55.181,1.38866,1.38898,2.06,1.00
2015.03.20 09:33:56.184,1.38866,1.38898,2.06,1.00
2015.03.20 09:33:59.131,1.3887,1.38898,1.64,1.00
2015.03.20 09:33:59.443,1.38873,1.38903,1.39,1.69
2015.03.20 09:34:00.048,1.38873,1.38902,1.69,1.22
2015.03.20 09:34:04.014,1.38874,1.38902,1.69,1.12
2015.03.20 09:34:06.626,1.38874,1.38902,1.69,1.12
2015.03.20 09:34:12.139,1.38872,1.38902,1.37,1.69
2015.03.20 09:34:14.451,1.38872,1.38901,1.37,1.64
2015.03.20 09:34:15.820,1.3887,1.389,1.12,1.39
2015.03.20 09:34:17.854,1.3887,1.389,1.12,1.39
2015.03.20 09:34:20.698,1.38869,1.389,1.12,1.76
2015.03.20 09:34:24.573,1.38871,1.38902,1.75,2.14
2015.03.20 09:34:25.876,1.38871,1.38902,1.75,2.14
2015.03.20 09:34:28.205,1.38871,1.38902,1.75,2.14
2015.03.20 09:34:29.393,1.38872,1.38902,1.50,1.45
2015.03.20 09:34:34.076,1.38874,1.38902,1.69,1.12
2015.03.20 09:34:52.881,1.38875,1.38903,1.64,1.75
2015.03.20 09:34:53.886,1.38875,1.38903,1.64,1.75
2015.03.20 09:34:55.049,1.38875,1.38903,1.64,1.75
2015.03.20 09:34:56.155,1.38875,1.38903,1.64,1.75
2015.03.20 09:34:57.616,1.38876,1.38903,1.64,1.07
2015.03.20 09:35:00.549,1.38876,1.38903,1.69,1.10
2015.03.20 09:35:03.136,1.38877,1.38903,1.39,1.10
2015.03.20 09:35:03.678,1.38877,1.38903,1.39,1.10
2015.03.20 09:35:04.882,1.38877,1.38904,2.14,1.07
2015.03.20 09:35:07.805,1.38877,1.38904,2.14,1.07
2015.03.20 09:35:08.007,1.38896,1.3892,1.87,1.56
2015.03.20 09:35:08.108,1.38896,1.38922,3.56,1.39
2015.03.20 09:35:08.310,1.38896,1.38922,3.56,1.12
2015.03.20 09:35:08.461,1.38901,1.38927,1.00,1.69
2015.03.20 09:35:08.512,1.38901,1.38929,1.07,1.64
2015.03.20 09:35:09.137,1.389,1.3893,1.31,1.31
2015.03.20 09:35:09.853,1.389,1.38931,1.69,1.94
2015.03.20 09:35:10.486,1.38902,1.38933,1.31,2.44
2015.03.20 09:35:11.437,1.38903,1.38933,1.62,2.44
2015.03.20 09:35:17.114,1.38903,1.38934,1.00,1.37
2015.03.20 09:35:17.165,1.38895,1.38939,2.06,1.31
2015.03.20 09:35:18.118,1.38898,1.38925,1.07,1.75
2015.03.20 09:35:18.421,1.38892,1.38923,1.75,1.37
2015.03.20 09:35:18.522,1.38893,1.38927,1.00,1.31
2015.03.20 09:35:18.623,1.38893,1.38928,1.00,1.56
2015.03.20 09:35:18.679,1.38887,1.3893,1.56,1.31
2015.03.20 09:35:18.780,1.38887,1.38927,1.56,1.31
2015.03.20 09:35:18.940,1.38885,1.38931,1.01,1.31
2015.03.20 09:35:19.093,1.38885,1.38935,2.44,1.31
2015.03.20 09:35:20.671,1.38891,1.38936,1.00,2.06
2015.03.20 09:35:20.722,1.38891,1.38936,1.37,2.06
2015.03.20 09:35:21.031,1.38897,1.38928,1.00,1.31
2015.03.20 09:35:21.369,1.38897,1.38928,1.37,1.69
2015.03.20 09:35:21.470,1.3889,1.38931,1.76,1.31
2015.03.20 09:35:21.673,1.38897,1.38928,1.00,1.12
2015.03.20 09:35:23.096,1.38896,1.38927,1.00,1.64
2015.03.20 09:35:28.195,1.38896,1.38928,1.19,1.69
2015.03.20 09:35:29.451,1.38896,1.38928,1.25,1.69
2015.03.20 09:35:30.138,1.38899,1.3893,1.00,1.94
2015.03.20 09:35:30.495,1.38902,1.38928,1.37,1.19
2015.03.20 09:35:30.555,1.38902,1.38928,1.37,1.00
2015.03.20 09:35:30.756,1.38903,1.3893,2.25,1.37
2015.03.20 09:35:31.279,1.38902,1.3893,1.75,1.47
2015.03.20 09:35:33.594,1.38903,1.3893,1.50,1.12
2015.03.20 09:35:34.242,1.38903,1.3893,1.50,1.37
2015.03.20 09:35:35.816,1.38903,1.3893,1.75,1.37
2015.03.20 09:35:42.433,1.38903,1.3893,1.75,1.00
2015.03.20 09:35:42.750,1.38903,1.3893,1.75,1.00
2015.03.20 09:35:49.802,1.38908,1.38931,1.37,1.37
2015.03.20 09:35:50.738,1.38908,1.38931,1.37,1.00
2015.03.20 09:35:51.091,1.38908,1.38931,1.12,1.00
2015.03.20 09:35:51.565,1.38905,1.3893,1.31,1.00
2015.03.20 09:35:52.736,1.38905,1.3893,1.31,1.12
2015.03.20 09:35:53.277,1.38905,1.38931,1.31,1.50
2015.03.20 09:35:54.090,1.38905,1.38931,1.31,1.50
2015.03.20 09:35:55.064,1.38905,1.38931,1.31,1.50
2015.03.20 09:35:55.763,1.38906,1.38931,1.37,1.37
2015.03.20 09:35:56.330,1.38906,1.38931,1.62,1.12
2015.03.20 09:35:57.248,1.38906,1.38931,1.62,1.37
2015.03.20 09:35:58.545,1.38902,1.38931,2.81,1.12
2015.03.20 09:36:00.344,1.38906,1.38931,1.12,1.37
2015.03.20 09:36:01.005,1.38906,1.38931,1.12,1.12
2015.03.20 09:36:01.608,1.38906,1.38931,1.12,1.37
2015.03.20 09:36:02.092,1.38915,1.38931,1.00,1.12
2015.03.20 09:36:02.397,1.3891,1.38945,1.12,1.50
2015.03.20 09:36:02.448,1.38907,1.38943,1.75,1.12
2015.03.20 09:36:02.549,1.38906,1.3895,2.06,1.31
2015.03.20 09:36:02.600,1.38913,1.38947,1.00,1.31
2015.03.20 09:36:02.919,1.38917,1.38947,1.12,1.70
2015.03.20 09:36:03.070,1.38917,1.38947,1.00,1.70
2015.03.20 09:36:06.018,1.38917,1.38947,1.00,1.64
2015.03.20 09:36:06.069,1.38919,1.38949,1.69,1.22
2015.03.20 09:36:07.716,1.38922,1.38953,1.75,2.14
2015.03.20 09:36:07.818,1.38922,1.38953,1.94,2.14
2015.03.20 09:36:08.802,1.38922,1.38953,1.69,2.14
2015.03.20 09:36:11.878,1.38922,1.38953,1.94,2.14
2015.03.20 09:36:16.783,1.38922,1.38953,1.69,2.14
2015.03.20 09:36:25.613,1.38923,1.38952,1.69,2.14
2015.03.20 09:36:28.614,1.38923,1.3895,1.32,1.45
2015.03.20 09:36:29.559,1.38921,1.3895,1.56,1.70
2015.03.20 09:36:29.911,1.38919,1.38948,1.94,1.50
2015.03.20 09:36:35.402,1.38919,1.38948,2.06,1.47
2015.03.20 09:36:35.618,1.38919,1.38937,1.31,1.00
2015.03.20 09:36:35.769,1.38913,1.38937,1.39,1.12
2015.03.20 09:36:35.870,1.38913,1.38934,1.39,1.07
2015.03.20 09:36:36.191,1.38908,1.38932,1.64,1.00
2015.03.20 09:36:36.762,1.38908,1.38932,1.64,1.07
2015.03.20 09:36:38.674,1.38908,1.38932,1.64,1.07
2015.03.20 09:36:39.225,1.38908,1.38932,1.64,1.25
2015.03.20 09:36:39.866,1.38908,1.38932,1.64,1.25
2015.03.20 09:36:43.674,1.38908,1.38932,1.64,1.00
2015.03.20 09:36:44.823,1.38908,1.38932,1.39,1.25
2015.03.20 09:36:53.205,1.38908,1.38932,1.39,1.25
2015.03.20 09:36:55.199,1.38908,1.38932,1.39,1.00
2015.03.20 09:36:56.702,1.38908,1.38932,1.39,1.25
2015.03.20 09:36:57.110,1.38907,1.38931,2.44,1.19
2015.03.20 09:36:57.642,1.38907,1.38931,1.39,1.19
2015.03.20 09:37:01.841,1.38907,1.38931,1.39,1.19
2015.03.20 09:37:02.921,1.38907,1.38931,1.39,1.19
2015.03.20 09:37:05.752,1.38907,1.3893,1.20,1.19
2015.03.20 09:37:08.150,1.38907,1.3893,1.20,1.19
2015.03.20 09:37:09.237,1.38907,1.3893,1.20,1.19
2015.03.20 09:37:10.286,1.38907,1.3893,1.20,1.19
2015.03.20 09:37:13.692,1.38907,1.3893,1.20,1.19
2015.03.20 09:37:15.656,1.38907,1.3893,1.20,1.19
2015.03.20 09:37:17.845,1.38907,1.3893,1.39,1.19
2015.03.20 09:37:28.190,1.38907,1.3893,1.26,1.10
2015.03.20 09:37:29.493,1.38907,1.3893,1.26,1.29
2015.03.20 09:37:36.712,1.38907,1.3893,1.32,1.01
2015.03.20 09:37:40.659,1.38904,1.38929,1.31,1.25
2015.03.20 09:37:43.332,1.38904,1.38929,1.31,1.19
2015.03.20 09:37:45.957,1.38904,1.38929,1.56,1.19
2015.03.20 09:37:49.653,1.38904,1.38927,1.31,1.19
2015.03.20 09:37:49.855,1.38903,1.38927,2.00,1.37
2015.03.20 09:37:50.006,1.38898,1.38926,1.56,1.47
2015.03.20 09:37:50.157,1.38897,1.38921,2.06,1.00
2015.03.20 09:37:51.040,1.38889,1.38917,1.12,1.56
2015.03.20 09:37:51.092,1.38887,1.38917,1.47,1.69
2015.03.20 09:37:55.289,1.38887,1.38917,1.10,1.69
2015.03.20 09:37:57.261,1.38887,1.38917,1.47,1.69
2015.03.20 09:37:59.586,1.38884,1.38918,1.69,2.44
2015.03.20 09:38:00.613,1.38884,1.38918,1.50,2.44
2015.03.20 09:38:01.109,1.38883,1.38913,1.39,1.37
2015.03.20 09:38:01.411,1.38882,1.38911,1.56,1.50
2015.03.20 09:38:02.262,1.38882,1.38911,1.56,1.69
2015.03.20 09:38:03.980,1.38882,1.38911,1.31,2.06
2015.03.20 09:38:04.413,1.38882,1.38911,1.31,2.06
2015.03.20 09:38:05.716,1.3888,1.38911,1.39,2.06
2015.03.20 09:38:08.447,1.38879,1.38911,1.64,2.81
2015.03.20 09:38:08.973,1.38878,1.38907,1.56,1.07
2015.03.20 09:38:10.027,1.38878,1.38907,1.47,1.07
2015.03.20 09:38:10.252,1.38875,1.38919,1.31,2.06
2015.03.20 09:38:10.555,1.38876,1.38919,1.31,2.06
2015.03.20 09:38:20.091,1.38886,1.38915,1.00,1.56
2015.03.20 09:38:20.393,1.38888,1.38916,1.12,1.31
2015.03.20 09:38:20.911,1.38888,1.38915,1.12,1.31
2015.03.20 09:38:24.109,1.38888,1.38919,1.39,1.69
2015.03.20 09:38:24.813,1.38888,1.38919,1.39,1.69
2015.03.20 09:38:25.911,1.38889,1.38919,1.19,1.69
2015.03.20 09:38:26.914,1.38889,1.38919,1.29,1.69
2015.03.20 09:38:27.905,1.38889,1.38919,1.29,1.69
2015.03.20 09:38:29.775,1.38889,1.3892,1.29,2.81
2015.03.20 09:38:33.684,1.38889,1.3892,1.64,2.81
2015.03.20 09:38:34.229,1.38889,1.3892,1.39,2.81
2015.03.20 09:38:34.732,1.38889,1.3892,1.39,2.44
2015.03.20 09:38:35.321,1.38889,1.3892,1.39,2.25
2015.03.20 09:38:35.372,1.38888,1.3892,2.14,1.75
2015.03.20 09:38:35.473,1.38887,1.38918,1.31,1.50
2015.03.20 09:38:35.628,1.38887,1.38918,1.07,1.50
2015.03.20 09:38:35.779,1.38884,1.38926,1.31,2.06
2015.03.20 09:38:41.899,1.38897,1.38927,1.37,1.31
2015.03.20 09:38:41.999,1.38897,1.38926,1.37,1.12
2015.03.20 09:38:43.014,1.38897,1.38925,1.56,1.56
2015.03.20 09:38:43.992,1.38897,1.38926,1.56,1.94
2015.03.20 09:38:46.896,1.38897,1.38926,2.06,1.69
2015.03.20 09:38:47.626,1.38897,1.38926,2.06,1.69
2015.03.20 09:38:48.783,1.38898,1.38926,1.31,1.31
2015.03.20 09:38:51.839,1.38898,1.38928,1.31,1.94
2015.03.20 09:38:52.285,1.389,1.38929,1.62,1.31
2015.03.20 09:38:57.426,1.38898,1.38929,2.89,1.31
2015.03.20 09:38:58.075,1.38898,1.38929,2.89,1.31
2015.03.20 09:38:58.952,1.38898,1.38926,2.06,1.31
2015.03.20 09:39:01.465,1.38898,1.38926,2.06,1.31
2015.03.20 09:39:03.144,1.38898,1.38926,2.06,1.31
2015.03.20 09:39:09.231,1.38897,1.38926,2.89,1.31
2015.03.20 09:39:10.307,1.38897,1.38926,2.89,1.31
2015.03.20 09:39:11.834,1.38897,1.38926,2.89,1.31
2015.03.20 09:39:17.810,1.38899,1.38926,1.56,1.31
2015.03.20 09:39:19.212,1.38897,1.38924,1.37,1.69
2015.03.20 09:39:24.218,1.38897,1.38924,1.12,1.94
2015.03.20 09:39:35.884,1.38897,1.38916,1.00,1.00
2015.03.20 09:39:35.935,1.38891,1.38916,1.25,1.37
2015.03.20 09:39:36.036,1.38883,1.38915,1.26,1.47
2015.03.20 09:39:36.137,1.38887,1.38912,1.00,1.00
2015.03.20 09:39:36.590,1.38882,1.38913,1.64,1.37
2015.03.20 09:39:36.835,1.38882,1.38913,1.64,1.75
2015.03.20 09:39:36.886,1.38882,1.38913,1.45,2.00
2015.03.20 09:39:37.189,1.38875,1.38915,1.31,1.31
2015.03.20 09:39:37.290,1.3887,1.38913,2.81,1.22
2015.03.20 09:39:37.495,1.38872,1.38916,1.22,1.31
2015.03.20 09:39:37.596,1.38867,1.38915,1.31,1.31
2015.03.20 09:39:37.817,1.38871,1.38915,1.31,1.31
2015.03.20 09:39:38.134,1.38872,1.38915,1.31,1.31
2015.03.20 09:39:42.277,1.38875,1.38918,1.31,1.31
2015.03.20 09:39:43.182,1.38876,1.38911,1.31,1.07
2015.03.20 09:39:44.293,1.38875,1.38911,1.69,1.07
2015.03.20 09:39:52.713,1.38876,1.38911,1.31,1.07
2015.03.20 09:39:53.315,1.38875,1.38919,1.31,1.94
2015.03.20 09:40:08.619,1.38875,1.38915,1.31,1.31
2015.03.20 09:40:12.959,1.38875,1.38915,1.31,1.31
2015.03.20 09:40:13.464,1.38882,1.38915,1.19,1.50
2015.03.20 09:40:13.566,1.38882,1.38915,1.31,1.20
2015.03.20 09:40:15.925,1.38883,1.38917,1.64,1.39
2015.03.20 09:40:17.925,1.38885,1.38917,1.10,1.07
2015.03.20 09:40:18.077,1.38881,1.38925,1.31,1.31
2015.03.20 09:40:18.647,1.38882,1.38926,1.31,1.31
2015.03.20 09:40:19.492,1.38887,1.38925,1.75,1.31
2015.03.20 09:40:20.149,1.38892,1.38924,1.00,1.56
2015.03.20 09:40:21.235,1.38892,1.38925,1.07,1.56
2015.03.20 09:40:25.024,1.38892,1.38925,1.64,1.56
2015.03.20 09:40:25.913,1.38892,1.38925,1.26,1.62
2015.03.20 09:40:26.218,1.38897,1.38927,1.56,2.44
2015.03.20 09:40:27.536,1.38898,1.38928,1.56,2.06
2015.03.20 09:40:28.404,1.38898,1.38928,1.62,2.06
2015.03.20 09:40:30.250,1.38898,1.38928,1.39,1.69
2015.03.20 09:40:32.109,1.38904,1.38929,1.00,2.06
2015.03.20 09:40:32.260,1.38904,1.38929,1.00,1.94
2015.03.20 09:40:32.764,1.38904,1.38929,1.87,1.69
2015.03.20 09:40:33.402,1.38906,1.3893,1.00,1.69
2015.03.20 09:40:33.917,1.38906,1.3893,1.50,1.31
2015.03.20 09:40:34.451,1.38904,1.38928,1.19,1.64
2015.03.20 09:40:34.520,1.38904,1.38925,1.19,1.00
2015.03.20 09:40:35.055,1.38904,1.3892,1.00,1.31
2015.03.20 09:40:35.913,1.38885,1.38916,1.00,1.12
2015.03.20 09:40:36.014,1.38885,1.38917,1.00,1.95
2015.03.20 09:40:36.146,1.38885,1.38917,1.00,1.95
2015.03.20 09:40:36.482,1.38885,1.38915,1.00,1.12
2015.03.20 09:40:36.533,1.38885,1.38917,1.00,1.95
2015.03.20 09:40:37.341,1.38885,1.38917,1.00,1.76
2015.03.20 09:40:39.460,1.38885,1.38917,1.19,1.57
2015.03.20 09:40:41.384,1.38885,1.38917,1.19,2.14
2015.03.20 09:40:44.043,1.38885,1.38917,1.25,2.14
2015.03.20 09:40:44.245,1.38882,1.38913,1.39,3.37
2015.03.20 09:40:46.158,1.38882,1.3891,1.66,1.37
2015.03.20 09:40:46.787,1.38882,1.38911,1.64,1.31
2015.03.20 09:40:47.300,1.38882,1.3891,1.66,1.37
2015.03.20 09:40:48.055,1.38882,1.38911,1.64,1.12
2015.03.20 09:40:48.160,1.38882,1.38911,1.64,1.31
2015.03.20 09:40:49.039,1.38882,1.38904,1.64,1.00
2015.03.20 09:40:49.392,1.3888,1.38904,1.39,1.76
2015.03.20 09:40:50.535,1.38877,1.38902,1.19,1.50
2015.03.20 09:40:51.050,1.38876,1.38907,1.39,1.12
2015.03.20 09:40:51.309,1.38876,1.38907,1.39,1.00
2015.03.20 09:40:51.462,1.38871,1.38915,1.94,1.31
2015.03.20 09:40:51.513,1.38871,1.38919,1.31,1.31
2015.03.20 09:40:51.822,1.38876,1.38915,1.56,1.31
2015.03.20 09:41:17.541,1.38894,1.38915,1.00,1.12
2015.03.20 09:41:17.793,1.38895,1.38919,1.12,1.94
2015.03.20 09:41:20.548,1.38895,1.38922,1.12,2.06
2015.03.20 09:41:21.448,1.38897,1.38922,1.00,2.06
2015.03.20 09:41:22.010,1.38897,1.38922,1.00,2.06
2015.03.20 09:41:27.012,1.38897,1.38919,1.00,1.56
2015.03.20 09:41:27.063,1.38895,1.38919,1.00,1.56
2015.03.20 09:41:27.164,1.38888,1.38918,2.81,2.00
2015.03.20 09:41:27.671,1.38884,1.38913,1.75,1.00
2015.03.20 09:41:27.823,1.38881,1.38913,1.69,1.00
2015.03.20 09:41:27.924,1.38883,1.38914,1.62,1.00
2015.03.20 09:41:28.025,1.38882,1.38916,2.14,1.75
2015.03.20 09:41:28.219,1.38882,1.38916,2.14,1.07
2015.03.20 09:41:28.869,1.38882,1.38916,2.14,1.26
2015.03.20 09:41:29.972,1.38882,1.38916,2.14,1.26
2015.03.20 09:41:32.930,1.38882,1.38916,2.14,1.26
2015.03.20 09:41:33.594,1.38883,1.38917,1.26,1.39
2015.03.20 09:41:33.882,1.38883,1.38917,1.26,1.39
2015.03.20 09:41:34.583,1.38883,1.38915,2.14,1.29
2015.03.20 09:41:35.787,1.38883,1.38915,2.14,1.10
2015.03.20 09:41:37.533,1.38883,1.38915,1.76,1.29
2015.03.20 09:41:38.738,1.38883,1.38915,2.14,1.29
2015.03.20 09:41:40.934,1.38883,1.38915,2.14,1.29
2015.03.20 09:41:46.211,1.38883,1.38915,1.69,1.29
2015.03.20 09:41:48.636,1.38882,1.38915,1.39,1.66
2015.03.20 09:41:49.625,1.38882,1.38915,1.66,1.66
2015.03.20 09:41:49.952,1.38882,1.38915,1.66,1.66
2015.03.20 09:41:50.955,1.38882,1.38915,1.29,1.66
2015.03.20 09:41:54.350,1.38882,1.38915,1.29,1.66
2015.03.20 09:41:55.136,1.38882,1.38915,1.29,1.66
2015.03.20 09:41:56.139,1.38882,1.38915,1.66,1.66
2015.03.20 09:41:57.241,1.38882,1.38915,1.66,1.66
2015.03.20 09:41:58.473,1.38882,1.38915,1.29,1.76
2015.03.20 09:41:59.767,1.38882,1.38915,1.29,1.66
2015.03.20 09:42:00.485,1.38882,1.38915,1.66,1.66
2015.03.20 09:42:04.193,1.38882,1.38915,1.29,1.66
2015.03.20 09:42:06.777,1.38882,1.38915,1.66,1.66
2015.03.20 09:42:08.796,1.38883,1.38915,1.69,1.66
2015.03.20 09:42:09.371,1.38883,1.38915,1.69,1.66
2015.03.20 09:42:12.179,1.38883,1.38917,1.19,1.26
2015.03.20 09:42:12.705,1.38883,1.38917,1.56,1.26
2015.03.20 09:42:14.254,1.38883,1.38917,1.19,1.26
2015.03.20 09:42:16.488,1.38883,1.38917,1.19,1.26
2015.03.20 09:42:17.821,1.38883,1.38917,1.19,1.26
2015.03.20 09:42:18.997,1.38883,1.38915,1.69,1.66
2015.03.20 09:42:20.426,1.38883,1.38915,2.06,1.66
2015.03.20 09:42:22.803,1.38883,1.38915,2.06,1.66
2015.03.20 09:42:27.115,1.38883,1.38915,2.06,1.66
2015.03.20 09:42:28.437,1.38883,1.38914,1.56,1.56
2015.03.20 09:42:30.540,1.38883,1.38914,1.56,1.56
2015.03.20 09:42:33.563,1.38882,1.38914,1.10,1.56
2015.03.20 09:42:33.664,1.38882,1.38914,1.29,1.56
2015.03.20 09:42:34.647,1.38882,1.38914,1.29,1.56
2015.03.20 09:42:34.848,1.38882,1.38914,1.01,1.56
2015.03.20 09:42:35.279,1.38875,1.38918,1.64,1.94
2015.03.20 09:42:35.596,1.38875,1.38916,1.31,1.31
2015.03.20 09:42:44.377,1.38874,1.38916,1.31,1.31
2015.03.20 09:42:46.595,1.38871,1.38915,1.31,1.31
2015.03.20 09:42:47.672,1.38871,1.38916,1.31,1.94
2015.03.20 09:42:49.278,1.38871,1.38915,1.31,1.94
2015.03.20 09:42:50.270,1.38874,1.38915,1.31,2.06
2015.03.20 09:42:51.974,1.38874,1.38915,1.31,1.31
2015.03.20 09:42:55.099,1.38874,1.38915,1.31,1.31
2015.03.20 09:42:57.341,1.38874,1.38915,1.31,1.31
2015.03.20 09:42:58.136,1.38871,1.38915,1.31,1.31
2015.03.20 09:42:59.427,1.38871,1.38915,1.31,1.31
2015.03.20 09:43:06.288,1.38875,1.38915,1.56,1.56
2015.03.20 09:43:08.225,1.38875,1.38915,1.56,1.56
2015.03.20 09:43:09.353,1.38875,1.38915,1.31,1.56
2015.03.20 09:43:10.367,1.38875,1.38916,1.56,1.56
2015.03.20 09:43:10.635,1.38883,1.38913,1.00,1.31
2015.03.20 09:43:10.954,1.38884,1.38916,2.06,1.37
2015.03.20 09:43:11.004,1.38885,1.38916,1.56,1.07
2015.03.20 09:43:15.298,1.38886,1.38918,1.31,2.06
2015.03.20 09:43:16.030,1.38886,1.38929,1.31,2.06
2015.03.20 09:43:24.948,1.38892,1.38926,1.87,1.75
2015.03.20 09:43:24.999,1.38892,1.38926,2.06,1.75
2015.03.20 09:43:25.049,1.38892,1.38926,2.44,1.12
2015.03.20 09:43:25.317,1.38894,1.38928,2.00,2.81
2015.03.20 09:43:35.795,1.38897,1.38927,1.69,1.45
2015.03.20 09:43:41.457,1.38897,1.38927,1.69,1.45
2015.03.20 09:43:53.679,1.38897,1.38927,1.69,1.45
2015.03.20 09:43:54.563,1.38899,1.3893,1.75,2.25
2015.03.20 09:43:55.634,1.38902,1.3893,1.22,2.44
2015.03.20 09:43:57.503,1.38901,1.38932,1.64,3.19
2015.03.20 09:43:58.330,1.38901,1.38932,1.64,3.19
2015.03.20 09:43:59.613,1.38901,1.38932,1.39,3.19
2015.03.20 09:44:04.726,1.38901,1.38932,1.39,3.19
2015.03.20 09:44:05.954,1.38901,1.38932,1.64,3.00
2015.03.20 09:44:06.596,1.3891,1.38932,1.00,1.75
2015.03.20 09:44:06.748,1.38911,1.38936,1.69,1.31
2015.03.20 09:44:08.568,1.38925,1.38942,1.56,1.37
2015.03.20 09:44:08.618,1.38925,1.38956,1.56,2.81
2015.03.20 09:44:09.817,1.38925,1.38956,1.31,2.81
2015.03.20 09:44:10.036,1.38925,1.38955,1.12,1.01
2015.03.20 09:44:10.156,1.38925,1.38947,1.12,1.00
2015.03.20 09:44:10.257,1.38918,1.38947,1.62,1.12
2015.03.20 09:44:10.408,1.38918,1.3895,1.69,2.06
2015.03.20 09:44:10.510,1.38921,1.38952,1.75,1.69
2015.03.20 09:44:10.815,1.38919,1.3895,1.45,1.31
2015.03.20 09:44:10.916,1.38917,1.38948,1.94,1.62
2015.03.20 09:44:11.821,1.38915,1.38948,1.76,1.69
2015.03.20 09:44:12.794,1.38915,1.38948,1.76,1.56
2015.03.20 09:44:12.895,1.38926,1.38948,1.12,1.62
2015.03.20 09:44:13.051,1.38926,1.38954,1.87,1.70
2015.03.20 09:44:13.557,1.38926,1.38954,1.50,1.69
2015.03.20 09:44:14.176,1.38926,1.38955,1.69,1.31
2015.03.20 09:44:15.351,1.38928,1.38952,1.32,1.39
2015.03.20 09:44:16.354,1.38928,1.38952,1.26,1.39
2015.03.20 09:44:17.557,1.38928,1.38952,1.26,1.39
2015.03.20 09:44:18.648,1.38928,1.38952,1.32,1.39
2015.03.20 09:44:19.661,1.38928,1.38952,1.32,1.39
2015.03.20 09:44:21.084,1.38928,1.38952,1.26,1.31
2015.03.20 09:44:21.477,1.38928,1.38952,1.69,1.31
2015.03.20 09:44:22.371,1.38928,1.38952,1.69,1.31
2015.03.20 09:44:26.209,1.38928,1.38952,1.26,1.39
2015.03.20 09:44:29.588,1.38928,1.38952,1.26,1.39
2015.03.20 09:44:35.384,1.3893,1.38953,1.10,1.39
2015.03.20 09:44:36.442,1.38933,1.38953,1.00,1.20
2015.03.20 09:44:37.757,1.38932,1.38953,1.19,1.31
2015.03.20 09:44:38.615,1.38932,1.38953,1.25,1.31
2015.03.20 09:44:39.921,1.38932,1.38953,1.19,1.12
2015.03.20 09:44:42.228,1.3893,1.38953,1.29,1.31
2015.03.20 09:44:42.774,1.3893,1.38953,1.29,1.32
2015.03.20 09:44:43.580,1.38928,1.38953,1.39,1.26
2015.03.20 09:44:45.465,1.38928,1.38953,1.39,1.26
2015.03.20 09:44:49.866,1.38928,1.38952,1.26,1.29
2015.03.20 09:44:52.881,1.38928,1.38952,1.26,1.19
2015.03.20 09:44:58.886,1.38928,1.38952,1.26,1.19
2015.03.20 09:45:01.001,1.38928,1.38952,1.26,1.25
2015.03.20 09:45:01.524,1.38928,1.38952,1.26,1.32
2015.03.20 09:45:02.487,1.38928,1.38952,1.26,1.26
2015.03.20 09:45:07.946,1.38927,1.38951,1.26,1.26
2015.03.20 09:45:09.907,1.38927,1.38951,1.32,1.26
2015.03.20 09:45:11.913,1.38927,1.38951,1.07,1.26
2015.03.20 09:45:12.918,1.38927,1.38951,1.26,1.26
2015.03.20 09:45:13.288,1.38927,1.38953,2.44,1.76
2015.03.20 09:45:14.769,1.38929,1.38953,1.26,1.76
2015.03.20 09:45:15.626,1.38929,1.38953,1.26,1.29
2015.03.20 09:45:17.962,1.38929,1.38953,1.32,1.29
2015.03.20 09:45:26.399,1.38929,1.38953,1.26,1.01
2015.03.20 09:45:29.472,1.38929,1.38955,1.31,1.26
2015.03.20 09:45:29.674,1.38934,1.38957,1.00,1.69
2015.03.20 09:45:29.786,1.38934,1.38957,1.07,1.66
2015.03.20 09:45:33.740,1.38931,1.38957,1.56,1.20
2015.03.20 09:45:33.791,1.38931,1.38957,1.31,1.12
2015.03.20 09:45:33.842,1.38932,1.38959,1.31,1.50
2015.03.20 09:45:33.943,1.38934,1.38962,1.75,1.00
2015.03.20 09:45:33.994,1.38934,1.38968,1.94,1.37
2015.03.20 09:45:34.095,1.38935,1.38973,1.62,1.37
2015.03.20 09:45:34.146,1.38935,1.38968,2.06,1.37
2015.03.20 09:45:34.431,1.38936,1.38978,1.31,1.31
2015.03.20 09:45:34.533,1.38936,1.38981,1.31,1.56
2015.03.20 09:45:34.635,1.38942,1.38978,1.37,1.25
2015.03.20 09:45:34.994,1.38944,1.38986,1.31,1.76
2015.03.20 09:45:35.180,1.38941,1.38986,2.00,1.64
2015.03.20 09:45:35.333,1.38939,1.38985,1.31,1.31
2015.03.20 09:45:35.507,1.38939,1.38986,1.31,2.06
2015.03.20 09:45:35.964,1.38939,1.38986,1.31,2.06
2015.03.20 09:45:37.750,1.38939,1.38985,1.31,1.31
2015.03.20 09:45:38.053,1.38939,1.38985,1.31,1.31
2015.03.20 09:45:43.325,1.38943,1.38985,1.31,1.31
2015.03.20 09:45:44.452,1.38947,1.38986,2.00,1.94
2015.03.20 09:45:44.755,1.38952,1.38985,1.12,1.26
2015.03.20 09:45:45.635,1.38952,1.38985,1.31,1.26
2015.03.20 09:45:46.186,1.38952,1.38983,1.31,1.62
2015.03.20 09:45:47.678,1.38943,1.38985,1.56,1.94
2015.03.20 09:45:48.072,1.38943,1.38985,1.31,1.31
2015.03.20 09:45:55.438,1.38946,1.38978,1.69,1.00
2015.03.20 09:45:56.580,1.38944,1.38984,1.31,1.94
2015.03.20 09:45:58.490,1.38941,1.38983,1.31,1.56
2015.03.20 09:45:58.815,1.38942,1.38976,1.94,1.00
2015.03.20 09:45:59.137,1.38941,1.38985,1.31,2.44
2015.03.20 09:45:59.289,1.38942,1.38984,1.31,1.31
2015.03.20 09:46:04.064,1.38939,1.38985,1.31,1.94
2015.03.20 09:46:04.377,1.38944,1.38976,1.56,1.00
2015.03.20 09:46:04.656,1.3894,1.38983,1.31,1.69
2015.03.20 09:46:05.267,1.38942,1.38986,1.31,1.31
2015.03.20 09:46:11.097,1.38942,1.38986,1.31,2.06
2015.03.20 09:46:12.300,1.38944,1.38985,1.56,1.31
2015.03.20 09:46:13.726,1.38945,1.38977,1.56,1.00
2015.03.20 09:46:16.810,1.38944,1.38985,1.56,1.31
2015.03.20 09:46:20.483,1.38941,1.38985,1.31,2.06
2015.03.20 09:46:21.102,1.38941,1.38986,1.31,1.31
2015.03.20 09:46:21.745,1.38941,1.38986,1.31,1.31
2015.03.20 09:46:25.867,1.38957,1.38985,1.37,1.56
2015.03.20 09:46:26.413,1.38957,1.38986,1.95,1.94
2015.03.20 09:46:36.906,1.38949,1.3898,1.42,1.10
2015.03.20 09:46:36.957,1.38943,1.38984,1.35,1.94
2015.03.20 09:46:37.551,1.38943,1.38984,1.35,2.44
2015.03.20 09:46:39.409,1.38943,1.3898,1.16,1.29
2015.03.20 09:46:40.394,1.38941,1.3898,1.13,1.29
2015.03.20 09:46:41.903,1.38939,1.3898,1.51,1.29
2015.03.20 09:46:42.486,1.38939,1.3898,1.45,1.29
2015.03.20 09:46:43.687,1.38941,1.3898,1.26,1.66
2015.03.20 09:46:44.208,1.38941,1.3898,1.23,1.64
2015.03.20 09:46:44.775,1.38956,1.3898,1.00,1.64
2015.03.20 09:46:45.028,1.38956,1.38987,2.62,1.56
2015.03.20 09:47:01.425,1.38958,1.38987,1.66,1.94
2015.03.20 09:47:01.939,1.38958,1.38987,1.66,2.00
2015.03.20 09:47:02.497,1.38957,1.38985,2.14,1.69
2015.03.20 09:47:05.198,1.38957,1.38985,1.70,1.31
2015.03.20 09:47:09.724,1.38958,1.38987,1.66,1.56
2015.03.20 09:47:11.481,1.38958,1.38987,1.66,1.56
2015.03.20 09:47:12.486,1.38958,1.38987,1.66,1.56
2015.03.20 09:47:14.640,1.38958,1.38987,1.66,1.56
2015.03.20 09:47:17.282,1.38957,1.38987,2.14,1.56
2015.03.20 09:47:22.442,1.38958,1.38987,1.66,1.56
2015.03.20 09:47:23.524,1.38958,1.38987,1.66,1.62
2015.03.20 09:47:24.060,1.38958,1.38988,1.64,1.94
2015.03.20 09:47:26.541,1.38961,1.38988,1.20,1.69
2015.03.20 09:47:26.635,1.38961,1.38988,1.39,1.69
2015.03.20 09:47:29.173,1.38961,1.38989,1.39,1.94
2015.03.20 09:47:29.715,1.38961,1.38991,1.39,2.44
2015.03.20 09:47:34.634,1.38961,1.38991,1.45,2.44
2015.03.20 09:47:43.021,1.38962,1.38991,1.50,2.14
2015.03.20 09:47:43.562,1.38962,1.38991,1.69,2.14
2015.03.20 09:47:51.909,1.38962,1.38991,1.69,1.64
2015.03.20 09:47:52.519,1.38963,1.38991,1.22,1.64
2015.03.20 09:47:56.194,1.38961,1.38991,1.31,2.44
2015.03.20 09:47:59.376,1.38959,1.38989,1.56,2.14
2015.03.20 09:48:00.032,1.38959,1.38989,1.56,2.14
2015.03.20 09:48:03.151,1.38959,1.38989,1.56,2.14
2015.03.20 09:48:04.154,1.38959,1.38988,1.56,1.66
2015.03.20 09:48:10.208,1.38959,1.38988,1.56,1.66
2015.03.20 09:48:10.770,1.38959,1.38988,1.56,1.66
2015.03.20 09:48:15.843,1.38958,1.38988,1.31,1.69
2015.03.20 09:48:16.037,1.38957,1.38985,1.69,1.69
2015.03.20 09:48:23.773,1.38956,1.38981,1.69,1.00
2015.03.20 09:48:24.076,1.38953,1.38979,1.69,1.39
2015.03.20 09:48:24.328,1.38945,1.38969,1.29,2.06
2015.03.20 09:48:24.429,1.38945,1.38971,2.06,1.39
2015.03.20 09:48:24.824,1.38945,1.38972,2.81,1.64
2015.03.20 09:48:25.411,1.38945,1.38972,2.81,1.64
2015.03.20 09:48:26.817,1.38945,1.38968,1.50,1.62
2015.03.20 09:48:26.867,1.38936,1.38968,3.19,2.06
2015.03.20 09:48:27.225,1.38936,1.38968,2.81,1.69
2015.03.20 09:48:27.617,1.38936,1.38968,2.81,1.69
2015.03.20 09:48:28.164,1.38938,1.38964,1.31,1.12
2015.03.20 09:48:28.517,1.38936,1.38962,2.81,1.00
2015.03.20 09:48:28.770,1.38929,1.38956,1.19,1.07
2015.03.20 09:48:28.871,1.38926,1.38956,1.47,1.07
2015.03.20 09:48:28.973,1.38926,1.38958,2.14,1.50
2015.03.20 09:48:29.542,1.38927,1.38956,2.06,1.07
2015.03.20 09:48:30.077,1.38927,1.38956,1.69,1.07
2015.03.20 09:48:32.761,1.38928,1.38953,1.64,1.07
2015.03.20 09:48:32.862,1.38928,1.38953,1.07,1.07
2015.03.20 09:48:32.963,1.38922,1.38949,1.12,1.00
2015.03.20 09:48:33.064,1.38916,1.38947,1.56,1.00
2015.03.20 09:48:33.115,1.38916,1.38947,1.56,1.00
2015.03.20 09:48:33.166,1.38923,1.38948,1.00,1.00
2015.03.20 09:48:33.474,1.38916,1.38955,1.94,1.29
2015.03.20 09:48:33.525,1.38916,1.38955,1.56,1.26
2015.03.20 09:48:33.727,1.38909,1.38956,1.31,1.94
2015.03.20 09:48:35.643,1.38918,1.38956,1.12,1.94
2015.03.20 09:48:36.265,1.38923,1.38952,1.12,1.10
2015.03.20 09:48:39.384,1.38926,1.38954,1.64,1.07
2015.03.20 09:48:39.536,1.38928,1.38954,2.44,1.00
2015.03.20 09:48:39.975,1.38928,1.38954,2.14,1.07
2015.03.20 09:48:41.038,1.38928,1.38954,2.14,1.07
2015.03.20 09:48:41.544,1.38928,1.38957,2.06,1.01
2015.03.20 09:48:41.847,1.38936,1.38961,1.26,1.19
2015.03.20 09:48:43.343,1.38936,1.38961,1.26,1.25
2015.03.20 09:48:43.667,1.38935,1.3896,1.26,1.07
2015.03.20 09:48:43.986,1.38937,1.38961,1.31,1.25
2015.03.20 09:48:44.502,1.38937,1.38961,1.76,1.25
2015.03.20 09:48:45.982,1.38937,1.38961,1.76,1.00
2015.03.20 09:48:48.587,1.38937,1.38961,1.76,1.25
2015.03.20 09:48:51.579,1.38937,1.38963,1.76,2.14
2015.03.20 09:48:56.197,1.38941,1.38963,1.29,2.06
2015.03.20 09:48:57.265,1.38941,1.38963,1.01,2.06
2015.03.20 09:48:59.294,1.38941,1.38963,1.29,1.00
2015.03.20 09:48:59.446,1.38943,1.38968,1.07,1.20
2015.03.20 09:48:59.602,1.38944,1.38968,1.50,1.00
2015.03.20 09:48:59.653,1.38948,1.38971,1.10,1.26
2015.03.20 09:49:00.162,1.38949,1.38971,1.00,1.32
2015.03.20 09:49:00.781,1.38949,1.38971,1.19,1.07
2015.03.20 09:49:01.304,1.38949,1.38971,1.29,1.10
2015.03.20 09:49:01.816,1.38949,1.38973,1.26,1.64
2015.03.20 09:49:02.791,1.38952,1.38974,1.01,1.87
2015.03.20 09:49:03.137,1.38955,1.38975,1.10,1.00
2015.03.20 09:49:03.238,1.38953,1.38985,1.01,2.00
2015.03.20 09:49:03.290,1.38952,1.38985,2.44,2.00
2015.03.20 09:49:04.911,1.38958,1.38984,1.07,1.45
2015.03.20 09:49:05.313,1.38959,1.38987,1.69,1.31
2015.03.20 09:49:12.642,1.38959,1.38987,1.94,1.07
2015.03.20 09:49:16.493,1.38959,1.38986,1.94,1.00
2015.03.20 09:49:17.162,1.38959,1.38988,1.94,1.26
2015.03.20 09:49:21.280,1.3896,1.38988,1.69,1.31
2015.03.20 09:49:28.506,1.3896,1.38989,1.69,1.39
2015.03.20 09:49:34.693,1.3896,1.38989,1.70,1.69
2015.03.20 09:49:41.572,1.38959,1.38989,1.50,1.31
2015.03.20 09:49:55.232,1.38961,1.38987,1.22,1.07
2015.03.20 09:50:20.547,1.38962,1.38989,1.64,1.31
2015.03.20 09:50:21.782,1.38962,1.38989,1.64,1.12
2015.03.20 09:50:22.085,1.38969,1.38994,1.19,2.06
2015.03.20 09:50:22.591,1.38969,1.38994,1.19,1.69
2015.03.20 09:50:23.693,1.38964,1.38992,1.69,1.32
2015.03.20 09:50:23.745,1.38964,1.3899,1.39,1.07
2015.03.20 09:50:30.243,1.38962,1.38989,1.45,1.26
2015.03.20 09:50:30.747,1.38959,1.38987,2.06,1.07
2015.03.20 09:50:31.405,1.38958,1.38987,2.44,1.26
2015.03.20 09:50:31.641,1.38958,1.38987,2.44,1.56
2015.03.20 09:50:33.112,1.38958,1.38986,2.44,1.12
2015.03.20 09:50:34.969,1.38958,1.38986,2.44,1.12
2015.03.20 09:50:36.596,1.38958,1.38986,2.44,1.12
2015.03.20 09:50:38.343,1.38958,1.38986,2.44,1.12
2015.03.20 09:50:39.703,1.38958,1.38986,2.44,1.12
2015.03.20 09:50:41.836,1.38958,1.38988,2.44,1.50
2015.03.20 09:50:43.866,1.38958,1.38988,2.44,1.75
2015.03.20 09:50:44.432,1.38958,1.38986,1.39,1.50
2015.03.20 09:50:46.277,1.38958,1.38986,1.39,1.50
2015.03.20 09:50:46.953,1.38958,1.38986,1.39,1.69
2015.03.20 09:50:50.011,1.38957,1.38986,2.44,1.69
2015.03.20 09:50:50.121,1.38958,1.38986,1.62,1.39
2015.03.20 09:50:50.941,1.38958,1.38986,2.14,1.07
2015.03.20 09:50:52.579,1.3896,1.38986,1.22,1.07
2015.03.20 09:50:53.233,1.38958,1.38986,2.44,1.31
2015.03.20 09:51:04.616,1.38958,1.38986,2.44,1.31
2015.03.20 09:51:05.622,1.38958,1.38988,2.44,1.94
2015.03.20 09:51:09.850,1.38958,1.38988,1.69,1.56
2015.03.20 09:51:10.364,1.38959,1.38988,1.69,1.56
2015.03.20 09:51:12.341,1.38959,1.38988,1.94,1.12
2015.03.20 09:51:28.512,1.38959,1.38988,1.69,1.75
2015.03.20 09:51:29.085,1.38959,1.38988,1.39,1.75
2015.03.20 09:51:29.654,1.38959,1.38988,1.39,1.94
2015.03.20 09:51:31.150,1.3896,1.38986,1.32,1.22
2015.03.20 09:51:33.239,1.3896,1.38985,1.00,1.31
2015.03.20 09:51:49.339,1.3896,1.38986,1.07,1.70
2015.03.20 09:51:51.169,1.3896,1.38986,1.25,1.69
2015.03.20 09:51:52.299,1.3896,1.38986,1.07,1.45
2015.03.20 09:51:52.497,1.3896,1.38986,1.00,1.50
2015.03.20 09:51:55.797,1.3896,1.38986,1.07,1.45
2015.03.20 09:51:55.935,1.3896,1.38986,1.00,1.50
2015.03.20 09:51:57.183,1.3896,1.38986,1.37,1.12
2015.03.20 09:51:57.233,1.3896,1.38986,1.45,1.07
2015.03.20 09:51:57.334,1.3896,1.38986,1.47,1.37
2015.03.20 09:52:05.777,1.3896,1.38986,1.32,1.39
2015.03.20 09:52:07.468,1.38958,1.38986,2.14,1.69
2015.03.20 09:52:07.571,1.38958,1.38986,2.44,1.39
2015.03.20 09:52:08.881,1.38958,1.38985,2.14,1.07
2015.03.20 09:52:10.429,1.3896,1.38985,1.47,1.07
2015.03.20 09:52:10.737,1.38967,1.38987,1.00,1.12
2015.03.20 09:52:10.787,1.38967,1.38989,1.00,1.26
2015.03.20 09:52:11.333,1.38967,1.38991,1.00,1.31
2015.03.20 09:52:11.881,1.38967,1.38991,1.19,1.31
2015.03.20 09:52:12.400,1.38965,1.38991,1.20,1.31
2015.03.20 09:52:12.552,1.38961,1.3899,1.56,1.56
2015.03.20 09:52:12.754,1.38965,1.38989,3.45,1.19
2015.03.20 09:52:12.804,1.38968,1.38992,1.25,1.76
2015.03.20 09:52:13.312,1.38969,1.38992,1.00,1.26
2015.03.20 09:52:14.292,1.38968,1.38992,1.10,1.76
2015.03.20 09:52:14.594,1.3896,1.38988,1.66,1.12
2015.03.20 09:52:16.517,1.38943,1.38971,1.64,1.07
2015.03.20 09:52:16.820,1.38943,1.38969,1.00,1.87
2015.03.20 09:52:16.921,1.38936,1.3897,2.81,1.47
2015.03.20 09:52:17.022,1.38929,1.3897,1.31,1.95
2015.03.20 09:52:17.274,1.38927,1.38968,1.56,1.12
2015.03.20 09:52:17.375,1.38925,1.38968,1.25,1.00
2015.03.20 09:52:17.526,1.3892,1.38974,1.00,1.94
2015.03.20 09:52:18.030,1.38915,1.38971,1.76,1.32
2015.03.20 09:52:18.906,1.38915,1.38971,1.76,1.26
2015.03.20 09:52:20.380,1.38916,1.38968,1.66,1.00
2015.03.20 09:52:20.582,1.38915,1.38964,2.89,1.12
2015.03.20 09:52:22.316,1.38916,1.38956,1.37,1.69
2015.03.20 09:52:25.103,1.38917,1.38951,1.69,1.07
2015.03.20 09:52:25.648,1.38916,1.38956,1.69,1.87
2015.03.20 09:52:27.233,1.38919,1.38951,1.56,1.07
2015.03.20 09:52:28.019,1.38919,1.38951,1.56,1.00
2015.03.20 09:52:28.543,1.38918,1.3895,1.76,1.00
2015.03.20 09:52:30.820,1.38918,1.3895,1.64,1.00
2015.03.20 09:52:30.971,1.38916,1.3896,1.31,1.10
2015.03.20 09:52:31.021,1.38916,1.3896,1.31,1.37
2015.03.20 09:52:32.946,1.38916,1.38964,1.56,1.94
2015.03.20 09:52:33.574,1.38916,1.38965,1.56,1.94
2015.03.20 09:52:34.131,1.38916,1.38964,1.69,1.94
2015.03.20 09:52:34.351,1.38916,1.38964,1.69,1.94
2015.03.20 09:52:35.683,1.38916,1.38965,1.69,1.94
2015.03.20 09:52:36.531,1.38916,1.38965,1.76,2.81
2015.03.20 09:52:37.101,1.38916,1.38965,1.76,2.81
2015.03.20 09:52:38.836,1.38916,1.38964,1.66,2.44
2015.03.20 09:52:39.499,1.38916,1.38964,1.66,2.44
2015.03.20 09:52:42.195,1.38916,1.38964,2.04,2.81
2015.03.20 09:52:42.779,1.38916,1.38964,2.04,2.81
2015.03.20 09:52:43.806,1.38915,1.38961,1.64,1.64
2015.03.20 09:52:44.921,1.38916,1.38964,1.29,2.06
2015.03.20 09:52:46.096,1.38916,1.38964,1.29,2.06
2015.03.20 09:52:47.552,1.38916,1.38964,1.66,1.94
2015.03.20 09:52:51.019,1.38916,1.38965,1.66,2.06
2015.03.20 09:52:52.221,1.38916,1.38965,1.66,2.44
2015.03.20 09:52:53.611,1.38916,1.38962,1.66,1.69
2015.03.20 09:52:55.616,1.38916,1.38962,1.66,1.69
2015.03.20 09:52:56.231,1.38916,1.38958,1.66,1.50
2015.03.20 09:52:56.535,1.38916,1.38947,1.56,1.57
2015.03.20 09:52:56.636,1.38916,1.38947,1.37,1.57
2015.03.20 09:52:56.900,1.38916,1.38948,1.37,1.12
2015.03.20 09:52:57.662,1.38916,1.3895,1.95,1.07
2015.03.20 09:52:59.105,1.38916,1.3895,1.39,1.07
2015.03.20 09:53:01.510,1.38918,1.3895,1.62,1.07
2015.03.20 09:53:06.521,1.38916,1.3895,2.04,1.07
2015.03.20 09:53:07.674,1.38916,1.3895,1.76,1.07
2015.03.20 09:53:11.539,1.38916,1.3895,1.66,1.32
2015.03.20 09:53:16.985,1.38916,1.3895,1.66,1.39
2015.03.20 09:53:18.619,1.38916,1.3895,1.66,1.64
2015.03.20 09:53:19.691,1.38916,1.3895,1.66,1.64
2015.03.20 09:53:20.820,1.38916,1.3895,1.66,1.64
2015.03.20 09:53:21.345,1.38916,1.3895,1.66,1.64
2015.03.20 09:53:27.909,1.38916,1.38949,1.01,1.39
2015.03.20 09:53:28.411,1.38915,1.38949,2.51,1.39
2015.03.20 09:53:28.918,1.38915,1.38949,2.89,1.47
2015.03.20 09:53:29.240,1.38915,1.38949,2.14,1.47
2015.03.20 09:53:31.538,1.38915,1.38949,2.51,1.10
2015.03.20 09:53:31.661,1.38915,1.38948,1.76,1.87
2015.03.20 09:53:31.863,1.38915,1.38948,1.47,1.87
2015.03.20 09:53:31.969,1.38915,1.38948,1.37,1.75
2015.03.20 09:53:32.430,1.38916,1.38944,1.37,1.26
2015.03.20 09:53:32.650,1.38916,1.38944,1.47,1.56
2015.03.20 09:53:32.977,1.38916,1.38945,1.37,1.31
2015.03.20 09:53:35.853,1.38915,1.38945,1.37,1.12
2015.03.20 09:53:38.669,1.38915,1.38945,1.56,1.37
2015.03.20 09:53:39.711,1.38915,1.38945,1.94,1.37
2015.03.20 09:53:40.665,1.38915,1.38945,1.94,1.37
2015.03.20 09:53:42.923,1.38915,1.38946,1.62,1.37
2015.03.20 09:53:49.541,1.38915,1.38944,2.06,1.12
2015.03.20 09:53:50.988,1.38915,1.38944,2.44,1.12
2015.03.20 09:53:51.179,1.38915,1.38944,1.87,1.12
2015.03.20 09:53:51.698,1.38915,1.38945,1.37,1.07
2015.03.20 09:53:51.899,1.38915,1.38945,1.45,1.37
2015.03.20 09:53:52.632,1.38915,1.38948,1.70,1.94
2015.03.20 09:53:52.683,1.38915,1.38948,1.62,1.69
2015.03.20 09:53:53.191,1.38915,1.38947,2.89,1.69
2015.03.20 09:53:54.232,1.38915,1.38945,1.62,1.37
2015.03.20 09:53:54.429,1.38915,1.38947,2.89,2.06
2015.03.20 09:53:55.364,1.38915,1.38947,2.89,2.25
2015.03.20 09:53:55.465,1.38915,1.38944,2.06,1.07
2015.03.20 09:53:55.515,1.38915,1.38944,2.06,1.12
2015.03.20 09:53:57.401,1.38915,1.38948,1.95,1.69
2015.03.20 09:53:57.712,1.38915,1.38945,1.87,1.37
2015.03.20 09:53:59.159,1.38915,1.38945,1.95,1.12
2015.03.20 09:53:59.480,1.38916,1.38947,1.87,1.12
2015.03.20 09:54:00.884,1.38916,1.38947,1.39,1.62
2015.03.20 09:54:01.603,1.38917,1.38947,1.56,1.62
2015.03.20 09:54:01.911,1.38918,1.38949,1.94,2.06
2015.03.20 09:54:03.509,1.38918,1.38949,2.06,1.76
2015.03.20 09:54:04.452,1.38918,1.38949,1.69,2.06
2015.03.20 09:54:04.788,1.3892,1.38949,1.69,1.31
2015.03.20 09:54:06.139,1.38924,1.38949,1.95,1.31
2015.03.20 09:54:06.190,1.38925,1.3895,1.64,1.19
2015.03.20 09:54:06.722,1.38926,1.38952,1.39,2.14
2015.03.20 09:54:07.687,1.38926,1.38952,1.39,2.14
2015.03.20 09:54:11.983,1.38926,1.38952,2.14,2.14
2015.03.20 09:54:12.299,1.38926,1.38952,1.95,2.14
2015.03.20 09:54:12.601,1.38926,1.3895,1.87,1.31
2015.03.20 09:54:12.903,1.38926,1.38947,1.00,1.31
2015.03.20 09:54:12.954,1.38916,1.38947,2.06,1.31
2015.03.20 09:54:13.156,1.38913,1.38943,1.26,1.37
2015.03.20 09:54:13.563,1.38906,1.38945,1.31,1.12
2015.03.20 09:54:19.453,1.38903,1.38931,1.31,1.07
2015.03.20 09:54:19.504,1.389,1.3893,2.06,1.50
2015.03.20 09:54:19.756,1.38896,1.38927,1.39,1.00
2015.03.20 09:54:19.807,1.38893,1.38925,2.06,1.00
2015.03.20 09:54:19.908,1.38894,1.38926,1.26,1.00
2015.03.20 09:54:20.059,1.38891,1.38931,1.31,1.32
2015.03.20 09:54:23.898,1.38891,1.3893,1.31,1.37
2015.03.20 09:54:24.201,1.38891,1.38918,1.87,1.00
2015.03.20 09:54:24.353,1.38888,1.38918,1.12,1.10
2015.03.20 09:54:24.454,1.38886,1.38917,1.75,1.12
2015.03.20 09:54:24.960,1.38886,1.3892,1.87,1.07
2015.03.20 09:54:26.931,1.38886,1.38917,1.87,1.37
2015.03.20 09:54:27.473,1.38886,1.38918,1.69,1.87
2015.03.20 09:54:29.180,1.38883,1.38911,1.69,1.50
2015.03.20 09:54:29.690,1.38881,1.38911,2.06,1.95
2015.03.20 09:54:31.154,1.38883,1.38911,1.12,1.50
2015.03.20 09:54:31.204,1.38886,1.38916,1.37,1.31
2015.03.20 09:54:31.356,1.38888,1.3892,1.64,1.37
2015.03.20 09:54:31.406,1.3889,1.38921,2.44,1.70
2015.03.20 09:54:31.932,1.38892,1.38921,2.25,1.62
2015.03.20 09:54:32.463,1.38892,1.38925,3.00,1.31
2015.03.20 09:54:33.935,1.38892,1.38926,3.19,1.26
2015.03.20 09:54:35.217,1.38892,1.38926,3.19,1.56
2015.03.20 09:54:35.437,1.38892,1.38926,3.19,1.26
2015.03.20 09:54:38.440,1.38892,1.38926,3.19,1.69
2015.03.20 09:54:44.660,1.38892,1.38926,3.19,1.39
2015.03.20 09:54:45.274,1.38892,1.38926,3.19,1.69
2015.03.20 09:54:50.919,1.38894,1.38926,1.01,1.62
2015.03.20 09:54:53.206,1.38894,1.38926,1.01,1.32
2015.03.20 09:54:53.878,1.38892,1.38926,3.19,1.69
2015.03.20 09:55:01.351,1.38896,1.38925,1.37,1.26
2015.03.20 09:55:13.220,1.38896,1.38929,1.31,1.94
2015.03.20 09:55:13.751,1.38896,1.38929,1.12,1.94
2015.03.20 09:55:13.827,1.38896,1.38929,1.12,1.69
2015.03.20 09:55:21.400,1.38897,1.38929,1.94,1.69
2015.03.20 09:55:22.001,1.38898,1.3893,1.69,1.94
2015.03.20 09:55:23.983,1.389,1.38931,1.45,2.06
2015.03.20 09:55:46.820,1.38896,1.3893,2.06,1.94
2015.03.20 09:55:51.984,1.38896,1.3893,2.06,1.94
2015.03.20 09:55:59.700,1.38896,1.3893,2.06,1.94
2015.03.20 09:56:02.012,1.38896,1.3893,2.06,1.94
2015.03.20 09:56:06.022,1.38896,1.3893,2.06,2.06
2015.03.20 09:56:08.854,1.38897,1.3893,1.94,1.31
2015.03.20 09:56:09.859,1.38896,1.3893,2.06,2.06
2015.03.20 09:56:11.178,1.38896,1.3893,2.06,2.06
2015.03.20 09:56:25.617,1.38898,1.3893,2.25,1.94
2015.03.20 09:56:55.003,1.38899,1.38931,1.64,2.81
2015.03.20 09:56:58.543,1.38899,1.3893,1.64,1.31
2015.03.20 09:56:58.644,1.38899,1.3893,1.45,1.31
2015.03.20 09:56:59.204,1.38899,1.38931,1.07,2.81
2015.03.20 09:57:00.674,1.38896,1.38928,1.37,1.39
2015.03.20 09:57:02.215,1.38897,1.38929,1.12,1.94
2015.03.20 09:57:03.249,1.38895,1.38925,1.45,1.26
2015.03.20 09:57:03.302,1.38895,1.38925,1.70,1.26
2015.03.20 09:57:03.403,1.38896,1.38929,1.12,2.06
2015.03.20 09:57:03.929,1.38895,1.38929,2.06,2.06
2015.03.20 09:57:04.708,1.38896,1.3893,1.75,1.94
2015.03.20 09:57:08.109,1.38896,1.3893,1.94,1.94
2015.03.20 09:57:13.183,1.38896,1.3893,1.94,2.06
2015.03.20 09:57:14.288,1.38896,1.3893,1.94,2.06
2015.03.20 09:57:17.006,1.38896,1.3893,1.94,1.94
2015.03.20 09:57:23.108,1.38896,1.3893,1.94,2.06
2015.03.20 09:57:29.530,1.38898,1.38929,1.45,1.69
2015.03.20 09:57:31.355,1.38898,1.38929,1.45,1.69
2015.03.20 09:57:42.202,1.38896,1.38909,2.06,1.50
2015.03.20 09:57:42.252,1.38883,1.3891,1.31,1.56
2015.03.20 09:57:42.444,1.38883,1.3891,1.56,1.64
2015.03.20 09:57:43.439,1.38885,1.38907,1.19,1.29
2015.03.20 09:57:43.691,1.38882,1.38906,1.26,1.29
2015.03.20 09:57:44.886,1.3888,1.38905,1.56,1.19
2015.03.20 09:57:47.773,1.38879,1.38903,1.31,1.31
2015.03.20 09:57:47.875,1.38879,1.38903,1.94,1.31
2015.03.20 09:57:48.884,1.38879,1.38903,1.94,1.31
2015.03.20 09:57:52.386,1.38879,1.38903,1.94,1.31
2015.03.20 09:57:58.462,1.38879,1.38903,1.94,1.31
2015.03.20 09:58:04.181,1.38879,1.38903,1.69,1.31
2015.03.20 09:58:05.177,1.38879,1.38903,1.69,1.31
2015.03.20 09:58:06.234,1.38879,1.38903,1.94,1.31
2015.03.20 09:58:07.267,1.38879,1.38903,1.94,1.31
2015.03.20 09:58:13.951,1.38883,1.38906,1.07,1.56
2015.03.20 09:58:15.201,1.38883,1.38906,1.07,1.56
2015.03.20 09:58:17.686,1.38883,1.38906,1.00,1.66
2015.03.20 09:58:18.048,1.38883,1.38906,1.07,1.56
2015.03.20 09:58:20.563,1.38883,1.38906,1.07,1.56
2015.03.20 09:58:23.975,1.38883,1.38906,1.07,1.56
2015.03.20 09:58:25.379,1.38883,1.38906,1.00,1.66
2015.03.20 09:58:26.984,1.38883,1.38906,1.00,1.66
2015.03.20 09:58:27.489,1.38883,1.38906,1.07,1.56
2015.03.20 09:58:31.296,1.38883,1.38906,1.07,1.56
2015.03.20 09:58:34.436,1.38883,1.38907,1.07,1.56
2015.03.20 09:58:37.012,1.38883,1.38907,1.07,1.56
2015.03.20 09:58:41.624,1.38883,1.38907,1.07,1.56
2015.03.20 09:58:42.880,1.38883,1.38907,1.07,1.66
2015.03.20 09:58:44.859,1.38885,1.38909,1.07,2.06
2015.03.20 09:58:45.467,1.38885,1.38909,1.10,2.14
2015.03.20 09:58:48.443,1.38885,1.3891,1.10,2.06
2015.03.20 09:58:48.998,1.38887,1.38909,1.00,2.81
2015.03.20 09:58:56.566,1.38887,1.38909,1.00,2.81
2015.03.20 09:58:57.869,1.38887,1.38909,1.00,1.69
2015.03.20 09:58:59.415,1.38887,1.38909,1.00,1.69
2015.03.20 09:59:00.224,1.38887,1.38909,1.69,1.12
2015.03.20 09:59:00.324,1.38887,1.3891,2.06,1.31
2015.03.20 09:59:00.873,1.38887,1.3891,2.06,1.31
2015.03.20 09:59:01.428,1.38887,1.3891,2.06,1.12
2015.03.20 09:59:05.397,1.38891,1.3891,1.12,1.12
2015.03.20 09:59:05.700,1.38894,1.3892,1.56,1.00
2015.03.20 09:59:05.801,1.38896,1.38927,1.31,1.62
2015.03.20 09:59:05.852,1.38898,1.38923,1.12,1.00
2015.03.20 09:59:06.155,1.38893,1.38909,1.69,1.00
2015.03.20 09:59:06.507,1.3889,1.38909,1.94,1.00
2015.03.20 09:59:07.075,1.3889,1.38909,1.94,1.00
2015.03.20 09:59:07.694,1.3889,1.38909,1.94,1.00
2015.03.20 09:59:14.075,1.38892,1.38909,1.56,1.00
2015.03.20 09:59:21.739,1.38893,1.38909,1.91,1.00
2015.03.20 09:59:22.227,1.38893,1.38909,1.31,1.00
2015.03.20 09:59:29.144,1.38895,1.38909,1.75,1.00
2015.03.20 09:59:29.195,1.38895,1.38924,1.75,1.50
2015.03.20 09:59:29.246,1.389,1.38925,1.07,2.25
2015.03.20 09:59:29.347,1.389,1.3893,1.07,1.37
2015.03.20 09:59:29.549,1.389,1.3893,1.07,1.37
2015.03.20 09:59:29.803,1.389,1.38917,1.10,1.00
2015.03.20 09:59:30.105,1.38895,1.38909,1.75,1.00
2015.03.20 09:59:30.156,1.38898,1.38916,1.50,1.00
2015.03.20 09:59:30.257,1.38899,1.3893,1.20,1.69
2015.03.20 09:59:30.622,1.38899,1.3893,1.95,1.69
2015.03.20 09:59:30.925,1.389,1.38931,1.07,1.00
2015.03.20 09:59:31.026,1.38902,1.38934,1.37,1.64
2015.03.20 09:59:31.194,1.38904,1.38935,1.26,1.01
2015.03.20 09:59:31.698,1.38906,1.38937,1.57,1.19
2015.03.20 09:59:32.420,1.38906,1.38934,1.00,1.00
2015.03.20 09:59:32.956,1.38906,1.38934,1.10,1.37
2015.03.20 09:59:33.006,1.38903,1.38933,1.25,1.01
2015.03.20 09:59:39.118,1.38903,1.38931,1.00,1.64
2015.03.20 09:59:39.169,1.389,1.38929,1.10,1.62
2015.03.20 09:59:40.420,1.389,1.38931,1.10,1.76
2015.03.20 09:59:42.128,1.389,1.38931,1.07,1.76
2015.03.20 09:59:44.226,1.389,1.38932,1.07,1.56
2015.03.20 09:59:47.918,1.389,1.38932,1.07,1.56
2015.03.20 09:59:49.430,1.38899,1.3893,1.57,1.19
2015.03.20 09:59:49.632,1.38901,1.38933,1.57,1.56
2015.03.20 09:59:49.733,1.38904,1.38936,1.07,1.64
2015.03.20 09:59:50.248,1.38905,1.38935,1.00,1.66
2015.03.20 09:59:51.239,1.38905,1.38935,1.00,1.66
2015.03.20 09:59:53.017,1.38905,1.38935,1.00,1.76
2015.03.20 09:59:53.320,1.38905,1.38937,1.57,1.69
2015.03.20 09:59:53.471,1.38905,1.38937,1.50,1.70
2015.03.20 09:59:53.572,1.38905,1.38937,1.50,2.07
2015.03.20 09:59:53.673,1.38901,1.38932,1.25,1.00
2015.03.20 09:59:53.926,1.38901,1.38932,2.44,1.37
2015.03.20 09:59:54.078,1.38904,1.38936,1.07,1.37
2015.03.20 09:59:54.179,1.38902,1.38936,1.75,1.12
2015.03.20 09:59:54.230,1.38902,1.38936,1.56,1.12
2015.03.20 09:59:54.403,1.38903,1.38937,1.19,1.37
2015.03.20 09:59:54.735,1.38906,1.38937,1.10,1.37
2015.03.20 09:59:58.610,1.38906,1.38938,1.00,1.50
2015.03.20 09:59:59.798,1.38906,1.38937,1.00,1.00
