2016.10.05 09:00:00.113,1.37026,1.37044,1.75,1.00
2016.10.05 09:00:01.253,1.37026,1.37044,1.75,1.00
2016.10.05 09:00:01.431,1.37027,1.37047,1.50,1.75
2016.10.05 09:00:02.089,1.37027,1.37047,1.50,2.25
2016.10.05 09:00:02.219,1.37027,1.37047,1.50,1.75
2016.10.05 09:00:02.486,1.37027,1.37047,1.50,1.75
2016.10.05 09:00:04.053,1.37027,1.37047,1.50,2.25
2016.10.05 09:00:05.782,1.37027,1.37047,1.50,1.75
2016.10.05 09:00:06.022,1.37027,1.37047,1.50,2.25
2016.10.05 09:00:08.101,1.37027,1.37047,1.50,2.25
2016.10.05 09:00:08.389,1.37027,1.37047,1.50,1.75
2016.10.05 09:00:10.733,1.37027,1.37047,1.50,1.75
2016.10.05 09:00:10.803,1.37027,1.37047,1.50,1.75
2016.10.05 09:00:11.779,1.37027,1.37047,1.50,1.12
2016.10.05 09:00:12.032,1.37027,1.37047,1.50,1.12
2016.10.05 09:00:12.252,1.37028,1.37047,1.75,1.00
2016.10.05 09:00:12.303,1.37028,1.37047,1.75,1.00
2016.10.05 09:00:12.613,1.37029,1.37049,1.50,1.12
2016.10.05 09:00:12.664,1.37029,1.37049,1.75,1.12
2016.10.05 09:00:13.147,1.37031,1.37049,1.50,1.12
2016.10.05 09:00:13.432,1.37031,1.37049,1.50,1.12
2016.10.05 09:00:13.483,1.37031,1.37045,1.50,1.00
2016.10.05 09:00:13.584,1.37031,1.37045,1.00,1.12
2016.10.05 09:00:13.635,1.37028,1.37044,1.00,1.00
2016.10.05 09:00:13.686,1.37028,1.37044,1.00,1.75
2016.10.05 09:00:13.736,1.37028,1.37044,1.00,1.75
2016.10.05 09:00:13.787,1.37028,1.37044,1.00,1.50
2016.10.05 09:00:13.838,1.37031,1.37044,1.00,1.50
2016.10.05 09:00:14.116,1.37031,1.37047,1.00,1.75
2016.10.05 09:00:14.843,1.37031,1.37047,1.00,1.75
2016.10.05 09:00:15.510,1.37031,1.37047,1.00,1.75
2016.10.05 09:00:17.255,1.37031,1.37049,1.50,1.75
2016.10.05 09:00:17.407,1.37031,1.37049,1.50,2.25
2016.10.05 09:00:17.582,1.37031,1.37048,1.50,1.75
2016.10.05 09:00:17.683,1.37031,1.37049,1.50,2.25
2016.10.05 09:00:17.734,1.37031,1.37049,1.00,2.25
2016.10.05 09:00:17.784,1.37031,1.37048,1.00,1.75
2016.10.05 09:00:18.426,1.37031,1.37049,1.00,2.25
2016.10.05 09:00:18.584,1.37031,1.37049,1.00,1.75
2016.10.05 09:00:21.223,1.37031,1.37049,1.00,1.75
2016.10.05 09:00:21.577,1.37031,1.37049,1.50,1.75
2016.10.05 09:00:21.628,1.37031,1.37049,1.50,1.75
2016.10.05 09:00:22.083,1.37031,1.37048,1.00,1.75
2016.10.05 09:00:22.615,1.3703,1.37048,1.00,1.75
2016.10.05 09:00:23.078,1.3703,1.37048,1.00,1.75
2016.10.05 09:00:24.158,1.3703,1.37048,1.00,1.75
2016.10.05 09:00:27.264,1.3703,1.3705,1.00,2.25
2016.10.05 09:00:28.317,1.3703,1.3705,1.00,1.75
2016.10.05 09:00:28.847,1.3703,1.3705,1.00,2.25
2016.10.05 09:00:28.949,1.3703,1.3705,1.00,1.75
2016.10.05 09:00:29.361,1.3703,1.3705,1.00,2.25
2016.10.05 09:00:29.622,1.3703,1.3705,1.00,1.75
2016.10.05 09:00:30.400,1.3703,1.3705,1.00,2.25
2016.10.05 09:00:31.547,1.3703,1.3705,1.00,2.25
2016.10.05 09:00:31.649,1.3703,1.3705,1.00,1.75
2016.10.05 09:00:31.699,1.3703,1.3705,1.00,1.75
2016.10.05 09:00:31.851,1.3703,1.3705,1.00,2.25
2016.10.05 09:00:33.255,1.3703,1.3705,1.00,2.25
2016.10.05 09:00:37.063,1.3703,1.3705,1.00,2.25
2016.10.05 09:00:37.114,1.3703,1.37048,1.00,1.75
2016.10.05 09:00:40.076,1.3703,1.37048,1.00,1.75
2016.10.05 09:00:40.279,1.3703,1.37048,1.00,1.50
2016.10.05 09:00:40.478,1.3703,1.37048,1.00,1.50
2016.10.05 09:00:40.783,1.3703,1.37048,1.00,1.50
2016.10.05 09:00:41.341,1.3703,1.37048,1.00,1.50
2016.10.05 09:00:41.392,1.3703,1.37048,1.00,1.50
2016.10.05 09:00:41.921,1.3703,1.37048,1.00,1.50
2016.10.05 09:00:42.023,1.3703,1.37048,1.00,1.50
2016.10.05 09:00:42.666,1.3703,1.37048,1.00,1.50
2016.10.05 09:00:42.717,1.3703,1.37048,1.00,1.50
2016.10.05 09:00:42.979,1.37031,1.37048,1.00,1.50
2016.10.05 09:00:44.143,1.3703,1.37048,1.00,1.50
2016.10.05 09:00:45.344,1.3703,1.37048,1.50,1.50
2016.10.05 09:00:46.312,1.3703,1.37048,1.50,1.50
2016.10.05 09:00:46.731,1.37031,1.37048,1.00,1.50
2016.10.05 09:00:48.879,1.37032,1.37048,1.00,1.50
2016.10.05 09:00:50.087,1.37031,1.37048,1.00,1.50
2016.10.05 09:00:52.056,1.37031,1.3705,1.00,2.25
2016.10.05 09:00:52.110,1.37031,1.3705,1.00,2.25
2016.10.05 09:00:52.341,1.37031,1.3705,1.00,1.75
2016.10.05 09:00:53.741,1.37031,1.3705,1.00,2.25
2016.10.05 09:00:56.805,1.3703,1.3705,1.87,2.25
2016.10.05 09:00:57.477,1.3703,1.37049,1.87,1.75
2016.10.05 09:00:57.761,1.3703,1.3705,1.87,2.25
2016.10.05 09:00:57.862,1.37031,1.3705,1.00,2.25
2016.10.05 09:00:58.985,1.37031,1.3705,1.00,1.75
2016.10.05 09:00:59.251,1.37031,1.3705,1.00,2.25
2016.10.05 09:00:59.466,1.37031,1.3705,1.00,1.75
2016.10.05 09:01:00.096,1.37031,1.3705,1.00,2.25
2016.10.05 09:01:00.146,1.37031,1.3705,1.00,2.25
2016.10.05 09:01:00.298,1.3703,1.3705,1.87,1.75
2016.10.05 09:01:00.399,1.3703,1.3705,1.87,2.25
2016.10.05 09:01:00.602,1.3703,1.3705,1.87,1.75
2016.10.05 09:01:01.465,1.3703,1.3705,1.12,1.75
2016.10.05 09:01:02.609,1.3703,1.3705,1.12,1.75
2016.10.05 09:01:02.914,1.3703,1.3705,1.12,2.25
2016.10.05 09:01:04.286,1.3703,1.3705,1.12,2.25
2016.10.05 09:01:05.499,1.3703,1.37049,1.12,1.75
2016.10.05 09:01:05.601,1.3703,1.37049,1.00,1.75
2016.10.05 09:01:06.390,1.3703,1.3705,1.00,3.00
2016.10.05 09:01:07.046,1.3703,1.3705,1.00,3.00
2016.10.05 09:01:07.097,1.37029,1.37049,1.00,1.75
2016.10.05 09:01:08.631,1.37029,1.37049,1.00,2.25
2016.10.05 09:01:12.418,1.37029,1.37049,1.00,1.75
2016.10.05 09:01:12.469,1.37029,1.37049,1.00,1.75
2016.10.05 09:01:12.520,1.37029,1.37049,1.00,2.25
2016.10.05 09:01:12.571,1.37029,1.37049,1.00,3.00
2016.10.05 09:01:12.621,1.37027,1.37044,1.00,1.12
2016.10.05 09:01:12.672,1.37027,1.37044,1.00,1.12
2016.10.05 09:01:12.723,1.37025,1.37043,1.00,1.75
2016.10.05 09:01:12.922,1.37025,1.37043,1.00,2.25
2016.10.05 09:01:12.973,1.37025,1.37043,1.00,1.75
2016.10.05 09:01:13.628,1.37025,1.37042,1.00,1.75
2016.10.05 09:01:13.901,1.37025,1.37043,1.00,2.25
2016.10.05 09:01:14.827,1.37025,1.37043,1.00,1.75
2016.10.05 09:01:15.578,1.37025,1.37043,1.00,2.25
2016.10.05 09:01:15.680,1.37025,1.37043,1.00,1.75
2016.10.05 09:01:16.671,1.37025,1.37043,1.00,1.75
2016.10.05 09:01:16.722,1.37025,1.37043,1.00,2.25
2016.10.05 09:01:16.780,1.37025,1.37041,1.00,1.75
2016.10.05 09:01:18.723,1.37025,1.37043,1.00,1.75
2016.10.05 09:01:22.085,1.37025,1.37043,1.00,1.75
2016.10.05 09:01:22.135,1.37024,1.37042,1.00,1.75
2016.10.05 09:01:23.098,1.37024,1.37042,1.00,2.25
2016.10.05 09:01:24.791,1.37024,1.37042,1.00,2.25
2016.10.05 09:01:24.842,1.37022,1.37042,1.00,2.25
2016.10.05 09:01:28.170,1.37022,1.37042,1.00,2.25
2016.10.05 09:01:28.521,1.37022,1.37042,1.00,2.25
2016.10.05 09:01:29.432,1.37022,1.37042,1.00,2.25
2016.10.05 09:01:31.910,1.37022,1.37042,1.00,2.25
2016.10.05 09:01:32.039,1.37022,1.37042,1.00,2.25
2016.10.05 09:01:32.193,1.37022,1.37042,1.00,2.25
2016.10.05 09:01:32.793,1.37022,1.37042,1.00,2.25
2016.10.05 09:01:33.252,1.37022,1.37042,1.00,2.25
2016.10.05 09:01:33.515,1.37022,1.37041,1.00,1.75
2016.10.05 09:01:34.551,1.37022,1.3704,1.00,1.75
2016.10.05 09:01:37.147,1.37021,1.3704,1.00,1.75
2016.10.05 09:01:37.224,1.37021,1.3704,1.00,1.75
2016.10.05 09:01:40.467,1.37021,1.3704,1.00,1.75
2016.10.05 09:01:41.328,1.37021,1.37041,1.00,1.75
2016.10.05 09:01:42.429,1.37021,1.37041,1.00,2.25
2016.10.05 09:01:43.187,1.37021,1.37041,1.50,2.25
2016.10.05 09:01:43.531,1.37021,1.37041,1.50,1.75
2016.10.05 09:01:44.847,1.37021,1.37041,1.50,1.75
2016.10.05 09:01:44.948,1.37021,1.37041,1.50,1.75
2016.10.05 09:01:45.264,1.37021,1.37041,1.00,1.75
2016.10.05 09:01:56.019,1.37021,1.37041,1.00,1.75
2016.10.05 09:01:56.575,1.37021,1.37041,1.50,1.75
2016.10.05 09:01:56.676,1.37021,1.37041,1.00,1.75
2016.10.05 09:01:56.880,1.37022,1.37041,1.00,1.75
2016.10.05 09:01:57.530,1.37022,1.37042,1.50,2.25
2016.10.05 09:01:57.581,1.37022,1.37042,1.00,1.75
2016.10.05 09:01:57.682,1.37022,1.37042,1.50,2.25
2016.10.05 09:01:59.306,1.37022,1.37042,1.00,1.75
2016.10.05 09:01:59.486,1.37022,1.37042,1.50,2.25
2016.10.05 09:02:02.023,1.37022,1.37042,1.50,2.25
2016.10.05 09:02:02.199,1.37022,1.37042,1.00,2.25
2016.10.05 09:02:02.698,1.37022,1.37042,1.00,2.25
2016.10.05 09:02:03.627,1.37022,1.37042,1.00,2.25
2016.10.05 09:02:03.678,1.37023,1.37042,1.00,1.75
2016.10.05 09:02:03.729,1.3703,1.37043,1.00,1.75
2016.10.05 09:02:03.779,1.3703,1.37044,1.00,1.75
2016.10.05 09:02:03.885,1.37037,1.37045,1.00,1.00
2016.10.05 09:02:03.957,1.37034,1.37045,1.00,1.00
2016.10.05 09:02:04.008,1.37038,1.37045,1.00,1.00
2016.10.05 09:02:04.059,1.37038,1.37055,1.00,1.75
2016.10.05 09:02:04.191,1.37038,1.37056,1.00,2.25
2016.10.05 09:02:04.242,1.37038,1.37056,1.12,1.50
2016.10.05 09:02:04.302,1.37038,1.37055,1.12,1.00
2016.10.05 09:02:04.901,1.37037,1.37055,1.50,1.00
2016.10.05 09:02:05.132,1.37037,1.37055,1.50,1.00
2016.10.05 09:02:05.442,1.37037,1.37055,1.50,1.00
2016.10.05 09:02:06.438,1.37037,1.37055,1.50,1.00
2016.10.05 09:02:07.199,1.37037,1.37055,1.50,1.00
2016.10.05 09:02:09.695,1.37037,1.37055,1.50,1.12
2016.10.05 09:02:10.731,1.37037,1.37054,1.50,1.00
2016.10.05 09:02:11.022,1.37037,1.37055,1.50,1.12
2016.10.05 09:02:16.769,1.37037,1.37055,1.50,1.12
2016.10.05 09:02:16.921,1.37037,1.37055,1.50,1.87
2016.10.05 09:02:17.093,1.37037,1.37055,1.50,1.12
2016.10.05 09:02:17.144,1.37037,1.37055,1.50,1.12
2016.10.05 09:02:17.245,1.37037,1.37055,1.50,1.12
2016.10.05 09:02:17.347,1.37037,1.37055,1.50,1.12
2016.10.05 09:02:17.948,1.37037,1.37055,1.50,1.12
2016.10.05 09:02:18.049,1.37041,1.37057,1.00,1.75
2016.10.05 09:02:18.100,1.37043,1.37061,1.00,3.00
2016.10.05 09:02:18.151,1.37047,1.37061,1.00,2.25
2016.10.05 09:02:18.202,1.37047,1.37061,1.00,1.12
2016.10.05 09:02:18.304,1.37047,1.37065,1.00,1.12
2016.10.05 09:02:18.355,1.37047,1.37065,1.00,1.12
2016.10.05 09:02:18.525,1.37047,1.37065,1.75,1.50
2016.10.05 09:02:18.575,1.37047,1.37065,1.75,1.50
2016.10.05 09:02:18.728,1.37047,1.37065,1.12,1.50
2016.10.05 09:02:19.248,1.37045,1.37063,1.75,1.00
2016.10.05 09:02:19.299,1.37044,1.37062,2.25,1.00
2016.10.05 09:02:19.349,1.37044,1.37062,3.00,1.50
2016.10.05 09:02:19.400,1.37044,1.37062,1.50,1.50
2016.10.05 09:02:19.451,1.37044,1.37062,1.50,1.50
2016.10.05 09:02:19.603,1.37044,1.37061,1.12,1.00
2016.10.05 09:02:20.616,1.37044,1.37062,1.12,1.00
2016.10.05 09:02:20.768,1.37044,1.37062,1.12,1.00
2016.10.05 09:02:21.347,1.37044,1.37062,1.12,1.00
2016.10.05 09:02:21.501,1.37044,1.37062,1.12,1.50
2016.10.05 09:02:22.034,1.37044,1.37062,1.00,2.25
2016.10.05 09:02:22.262,1.37042,1.37061,1.50,1.50
2016.10.05 09:02:22.544,1.37042,1.37061,1.50,1.50
2016.10.05 09:02:23.331,1.37042,1.37061,1.50,2.25
2016.10.05 09:02:24.244,1.37041,1.37061,3.00,2.25
2016.10.05 09:02:25.312,1.37041,1.37061,3.00,1.50
2016.10.05 09:02:25.363,1.37041,1.37061,3.00,1.50
2016.10.05 09:02:26.480,1.37043,1.37061,1.12,1.50
2016.10.05 09:02:26.531,1.37043,1.37061,1.12,1.00
2016.10.05 09:02:27.290,1.37043,1.37061,1.12,1.00
2016.10.05 09:02:27.391,1.37043,1.37061,1.12,1.00
2016.10.05 09:02:27.684,1.37041,1.37061,2.25,1.00
2016.10.05 09:02:27.735,1.37041,1.37061,2.25,1.50
2016.10.05 09:02:27.786,1.37041,1.37061,2.25,1.50
2016.10.05 09:02:27.948,1.37042,1.37061,1.50,1.50
2016.10.05 09:02:28.201,1.37042,1.37061,1.50,1.50
2016.10.05 09:02:28.252,1.37041,1.37061,3.00,1.50
2016.10.05 09:02:28.984,1.37041,1.37061,3.00,1.50
2016.10.05 09:02:29.035,1.37041,1.37061,3.00,2.25
2016.10.05 09:02:29.188,1.37041,1.37061,3.00,2.25
2016.10.05 09:02:29.310,1.37041,1.37061,3.00,1.50
2016.10.05 09:02:29.461,1.37041,1.37061,3.00,2.25
2016.10.05 09:02:29.666,1.37041,1.37061,3.00,2.25
2016.10.05 09:02:29.717,1.37041,1.37061,2.25,2.25
2016.10.05 09:02:30.142,1.37041,1.37061,2.25,1.50
2016.10.05 09:02:30.354,1.37041,1.37058,2.25,1.00
2016.10.05 09:02:30.404,1.37039,1.37058,2.25,1.00
2016.10.05 09:02:30.455,1.37039,1.37056,1.75,1.00
2016.10.05 09:02:30.506,1.37039,1.37056,1.00,1.00
2016.10.05 09:02:30.607,1.37037,1.37056,2.25,1.00
2016.10.05 09:02:31.186,1.37037,1.37056,1.50,1.00
2016.10.05 09:02:31.496,1.37037,1.37056,1.50,1.50
2016.10.05 09:02:33.938,1.37037,1.37055,1.50,1.12
2016.10.05 09:02:36.793,1.37037,1.37055,1.00,1.12
2016.10.05 09:02:37.016,1.37037,1.37055,1.00,1.12
2016.10.05 09:02:37.265,1.37036,1.37055,1.12,1.12
2016.10.05 09:02:37.316,1.37036,1.37055,1.12,1.12
2016.10.05 09:02:39.787,1.37036,1.37055,1.12,1.12
2016.10.05 09:02:39.963,1.37036,1.37053,1.12,1.00
2016.10.05 09:02:40.014,1.37035,1.37053,1.50,1.00
2016.10.05 09:02:40.065,1.37035,1.37053,1.00,1.12
2016.10.05 09:02:41.273,1.37035,1.37053,1.00,1.12
2016.10.05 09:02:42.521,1.37034,1.37053,1.12,1.12
2016.10.05 09:02:42.976,1.37034,1.37054,1.12,2.25
2016.10.05 09:02:43.225,1.37034,1.37054,1.12,2.25
2016.10.05 09:02:43.468,1.37034,1.37054,1.12,1.50
2016.10.05 09:02:43.526,1.37034,1.37054,1.12,1.50
2016.10.05 09:02:47.302,1.37034,1.37054,1.87,1.50
2016.10.05 09:02:47.557,1.37034,1.37054,1.87,1.50
2016.10.05 09:02:48.867,1.37034,1.37054,1.87,1.50
2016.10.05 09:02:49.005,1.37034,1.37054,1.12,1.50
2016.10.05 09:02:50.671,1.37034,1.37054,1.12,1.50
2016.10.05 09:02:51.071,1.37034,1.37054,1.12,1.50
2016.10.05 09:02:51.575,1.37034,1.37054,1.12,1.50
2016.10.05 09:02:51.676,1.37034,1.37054,1.87,1.50
2016.10.05 09:02:52.163,1.37034,1.37054,1.87,1.50
2016.10.05 09:02:52.480,1.37034,1.37054,1.87,1.50
2016.10.05 09:02:52.660,1.37034,1.37054,1.87,1.50
2016.10.05 09:02:52.779,1.37034,1.37054,1.87,1.50
2016.10.05 09:02:53.664,1.37034,1.37054,1.87,1.50
2016.10.05 09:02:53.766,1.37034,1.37054,1.87,1.50
2016.10.05 09:02:55.814,1.37034,1.37054,1.87,2.25
2016.10.05 09:02:57.076,1.37034,1.37054,1.87,2.25
2016.10.05 09:02:58.199,1.37034,1.37054,1.87,2.25
2016.10.05 09:02:58.528,1.37034,1.37054,1.12,2.25
2016.10.05 09:02:58.579,1.37034,1.37052,1.12,1.00
2016.10.05 09:02:58.680,1.37034,1.37052,1.12,1.50
2016.10.05 09:02:58.731,1.37034,1.37052,1.12,1.50
2016.10.05 09:02:58.781,1.37034,1.37051,1.12,1.12
2016.10.05 09:02:58.883,1.37034,1.37053,1.00,1.75
2016.10.05 09:02:59.150,1.37034,1.37053,1.00,1.50
2016.10.05 09:02:59.201,1.37034,1.37053,1.00,1.50
2016.10.05 09:02:59.900,1.37034,1.37052,1.00,1.12
2016.10.05 09:03:00.576,1.37034,1.37051,1.00,1.00
2016.10.05 09:03:00.626,1.37032,1.37051,1.50,1.00
2016.10.05 09:03:00.802,1.37032,1.37051,1.00,1.50
2016.10.05 09:03:00.852,1.37032,1.37049,1.00,1.50
2016.10.05 09:03:01.105,1.37032,1.37049,1.00,1.50
2016.10.05 09:03:01.156,1.37032,1.37049,1.00,1.50
2016.10.05 09:03:01.207,1.37032,1.37047,1.00,1.00
2016.10.05 09:03:01.258,1.3703,1.37047,2.25,1.00
2016.10.05 09:03:01.308,1.3703,1.37045,1.50,1.00
2016.10.05 09:03:01.359,1.3703,1.37045,1.00,1.00
2016.10.05 09:03:01.410,1.3703,1.37045,1.75,1.00
2016.10.05 09:03:03.678,1.3703,1.37047,1.75,1.00
2016.10.05 09:03:03.834,1.37033,1.3705,1.75,1.50
2016.10.05 09:03:03.886,1.37033,1.3705,1.75,1.00
2016.10.05 09:03:04.668,1.37033,1.37051,1.75,1.00
2016.10.05 09:03:04.719,1.37033,1.37051,1.75,1.00
2016.10.05 09:03:04.989,1.37033,1.37051,1.75,1.00
2016.10.05 09:03:06.010,1.37033,1.3705,1.75,1.00
2016.10.05 09:03:06.338,1.37033,1.37049,1.75,1.00
2016.10.05 09:03:06.388,1.37033,1.37045,1.75,1.00
2016.10.05 09:03:06.439,1.37029,1.37045,1.75,1.00
2016.10.05 09:03:06.490,1.37029,1.37046,1.75,1.00
2016.10.05 09:03:06.540,1.37029,1.37046,1.75,1.00
2016.10.05 09:03:06.591,1.37029,1.37045,1.50,1.00
2016.10.05 09:03:07.326,1.37028,1.37045,1.75,1.00
2016.10.05 09:03:08.536,1.37028,1.37045,1.75,1.00
2016.10.05 09:03:08.587,1.37028,1.37044,1.75,1.00
2016.10.05 09:03:09.359,1.37032,1.37044,1.00,1.00
2016.10.05 09:03:09.460,1.37032,1.37044,1.00,1.00
2016.10.05 09:03:09.853,1.37027,1.37044,1.75,1.00
2016.10.05 09:03:10.005,1.37027,1.37046,1.75,1.00
2016.10.05 09:03:10.570,1.37027,1.37046,1.87,1.00
2016.10.05 09:03:13.639,1.37027,1.37046,2.62,1.00
2016.10.05 09:03:14.449,1.37027,1.37046,2.62,1.00
2016.10.05 09:03:14.500,1.37027,1.37045,2.25,1.00
2016.10.05 09:03:15.928,1.37027,1.37044,2.25,1.00
2016.10.05 09:03:16.092,1.37027,1.37044,1.75,1.00
2016.10.05 09:03:20.747,1.37027,1.37044,1.75,1.00
2016.10.05 09:03:20.826,1.37027,1.37044,1.75,1.00
2016.10.05 09:03:22.330,1.37027,1.37044,1.75,1.00
2016.10.05 09:03:24.199,1.37027,1.37044,1.75,1.00
2016.10.05 09:03:24.900,1.37027,1.37044,1.75,1.00
2016.10.05 09:03:24.951,1.37027,1.37044,1.75,1.00
2016.10.05 09:03:25.628,1.37027,1.37044,1.75,1.00
2016.10.05 09:03:25.680,1.37027,1.37044,1.75,1.00
2016.10.05 09:03:25.783,1.37029,1.37049,1.87,1.50
2016.10.05 09:03:25.834,1.3703,1.37049,1.75,1.50
2016.10.05 09:03:25.885,1.3703,1.37049,1.75,1.50
2016.10.05 09:03:25.936,1.3703,1.37049,1.75,1.00
2016.10.05 09:03:25.987,1.3703,1.37049,1.75,1.00
2016.10.05 09:03:26.049,1.3703,1.37049,1.75,1.00
2016.10.05 09:03:26.100,1.37032,1.37051,1.75,1.00
2016.10.05 09:03:26.151,1.37032,1.37052,1.75,1.87
2016.10.05 09:03:26.304,1.37032,1.37051,1.75,1.00
2016.10.05 09:03:26.879,1.37032,1.37051,1.75,1.00
2016.10.05 09:03:27.180,1.37032,1.37051,2.25,1.00
2016.10.05 09:03:29.560,1.37032,1.37051,1.75,1.00
2016.10.05 09:03:31.709,1.37032,1.37051,2.25,1.00
2016.10.05 09:03:31.760,1.37032,1.3705,2.25,1.00
2016.10.05 09:03:35.242,1.37032,1.3705,1.75,1.00
2016.10.05 09:03:38.471,1.37032,1.3705,2.25,1.00
2016.10.05 09:03:39.342,1.37032,1.3705,2.25,1.00
2016.10.05 09:03:39.501,1.37032,1.3705,2.25,1.00
2016.10.05 09:03:40.303,1.37032,1.3705,2.25,1.00
2016.10.05 09:03:40.353,1.37032,1.37052,2.25,1.87
2016.10.05 09:03:40.404,1.37034,1.37052,1.50,1.87
2016.10.05 09:03:40.455,1.37034,1.37052,1.50,1.12
2016.10.05 09:03:40.708,1.37034,1.37052,1.50,1.87
2016.10.05 09:03:40.759,1.37034,1.37051,1.75,1.00
2016.10.05 09:03:46.488,1.37034,1.37053,1.75,1.12
2016.10.05 09:03:46.541,1.37034,1.37054,2.25,2.25
2016.10.05 09:03:46.592,1.37037,1.37054,1.00,2.25
2016.10.05 09:03:46.643,1.37037,1.37054,1.00,1.50
2016.10.05 09:03:46.694,1.37037,1.37054,1.00,1.00
2016.10.05 09:03:46.745,1.37039,1.37057,1.87,1.87
2016.10.05 09:03:46.796,1.37042,1.37057,1.12,1.12
2016.10.05 09:03:46.882,1.37043,1.37061,2.25,1.00
2016.10.05 09:03:46.933,1.37043,1.37061,2.25,1.00
2016.10.05 09:03:47.151,1.37045,1.37061,1.12,1.00
2016.10.05 09:03:47.537,1.37045,1.37062,1.87,1.00
2016.10.05 09:03:47.702,1.37045,1.37062,1.50,1.00
2016.10.05 09:03:47.931,1.37045,1.37063,1.50,1.50
2016.10.05 09:03:48.085,1.37045,1.37063,1.00,1.50
2016.10.05 09:03:49.339,1.37049,1.37063,1.00,1.00
2016.10.05 09:03:49.390,1.37049,1.37064,1.00,1.00
2016.10.05 09:03:49.600,1.37049,1.37064,1.00,1.00
2016.10.05 09:03:50.214,1.37049,1.37064,1.00,1.00
2016.10.05 09:03:50.746,1.3705,1.37064,1.00,1.00
2016.10.05 09:03:50.916,1.3705,1.37064,1.00,1.00
2016.10.05 09:03:52.668,1.3705,1.37063,1.00,1.00
2016.10.05 09:03:52.770,1.3705,1.37063,1.00,1.00
2016.10.05 09:03:52.820,1.3705,1.37063,1.00,1.00
2016.10.05 09:03:55.528,1.3705,1.37063,1.00,1.00
2016.10.05 09:03:57.238,1.3705,1.37063,1.00,1.00
2016.10.05 09:03:57.809,1.37049,1.37063,1.00,1.00
2016.10.05 09:03:58.756,1.37049,1.37063,1.00,1.00
2016.10.05 09:03:58.806,1.37049,1.37064,1.00,1.00
2016.10.05 09:03:59.653,1.37049,1.37063,1.00,1.00
2016.10.05 09:04:01.686,1.37046,1.37058,1.00,1.00
2016.10.05 09:04:01.788,1.37045,1.37056,1.00,1.00
2016.10.05 09:04:01.889,1.37043,1.37056,1.50,1.00
2016.10.05 09:04:02.065,1.3704,1.37054,1.00,1.00
2016.10.05 09:04:03.191,1.3704,1.37053,1.00,1.00
2016.10.05 09:04:04.602,1.3704,1.37054,1.00,1.50
2016.10.05 09:04:04.652,1.3704,1.37054,1.00,1.50
2016.10.05 09:04:04.703,1.37042,1.37056,1.00,2.25
2016.10.05 09:04:04.763,1.37042,1.37056,1.00,1.50
2016.10.05 09:04:07.501,1.37043,1.37056,1.00,1.00
2016.10.05 09:04:10.041,1.37043,1.37055,1.00,1.00
2016.10.05 09:04:10.294,1.37043,1.37055,1.00,1.00
2016.10.05 09:04:12.688,1.37041,1.37055,1.00,1.00
2016.10.05 09:04:13.064,1.37041,1.37057,1.00,1.12
2016.10.05 09:04:13.669,1.37037,1.37057,1.50,1.87
2016.10.05 09:04:13.719,1.37037,1.37055,1.50,1.00
2016.10.05 09:04:13.821,1.37037,1.37054,1.50,1.00
2016.10.05 09:04:14.080,1.37037,1.37054,1.50,1.00
2016.10.05 09:04:14.920,1.37037,1.37054,1.50,1.00
2016.10.05 09:04:15.071,1.37035,1.37053,2.25,1.00
2016.10.05 09:04:15.122,1.37035,1.37053,2.25,1.50
2016.10.05 09:04:15.223,1.37035,1.37053,2.25,1.50
2016.10.05 09:04:15.405,1.37035,1.37053,2.25,1.00
2016.10.05 09:04:17.140,1.37035,1.37052,2.25,1.00
2016.10.05 09:04:17.484,1.37035,1.37052,1.75,1.00
2016.10.05 09:04:17.624,1.37035,1.37052,1.75,1.00
2016.10.05 09:04:17.675,1.37035,1.37053,1.12,1.00
2016.10.05 09:04:19.008,1.37035,1.37053,1.12,1.00
2016.10.05 09:04:19.509,1.37035,1.37053,1.12,1.50
2016.10.05 09:04:19.560,1.37035,1.37053,1.12,1.50
2016.10.05 09:04:21.905,1.37035,1.37053,1.12,1.50
2016.10.05 09:04:22.192,1.37035,1.37053,1.12,1.50
2016.10.05 09:04:22.481,1.37034,1.37052,2.25,1.00
2016.10.05 09:04:27.439,1.37034,1.37052,1.12,1.50
2016.10.05 09:04:27.721,1.37032,1.37052,1.75,1.50
2016.10.05 09:04:27.771,1.37032,1.37052,2.25,1.00
2016.10.05 09:04:27.824,1.37032,1.37051,2.25,1.00
2016.10.05 09:04:27.926,1.37032,1.37052,2.25,1.00
2016.10.05 09:04:28.027,1.37033,1.37052,1.50,1.00
2016.10.05 09:04:28.523,1.37033,1.37052,1.50,1.00
2016.10.05 09:04:28.574,1.37032,1.37051,2.25,1.00
2016.10.05 09:04:28.675,1.37032,1.37052,2.25,1.50
2016.10.05 09:04:28.726,1.37032,1.37052,3.00,1.00
2016.10.05 09:04:28.827,1.37032,1.37051,2.25,1.00
2016.10.05 09:04:28.939,1.37032,1.37052,3.00,1.00
2016.10.05 09:04:29.325,1.37037,1.37053,1.00,1.12
2016.10.05 09:04:29.376,1.37037,1.37052,1.00,1.00
2016.10.05 09:04:29.593,1.37037,1.37053,1.00,1.12
2016.10.05 09:04:29.644,1.37037,1.37053,1.00,1.12
2016.10.05 09:04:29.848,1.37037,1.37053,1.00,1.12
2016.10.05 09:04:30.949,1.37037,1.37052,1.00,1.00
2016.10.05 09:04:31.934,1.37037,1.37053,1.00,1.12
2016.10.05 09:04:32.955,1.37037,1.37053,1.00,1.12
2016.10.05 09:04:37.503,1.37039,1.37053,1.00,1.12
2016.10.05 09:04:41.837,1.37035,1.37053,1.50,1.87
2016.10.05 09:04:42.768,1.37035,1.37053,1.50,1.87
2016.10.05 09:04:42.819,1.37032,1.37052,3.00,1.00
2016.10.05 09:04:43.057,1.37032,1.37052,2.25,1.00
2016.10.05 09:04:43.371,1.37032,1.37052,2.25,1.50
2016.10.05 09:04:43.472,1.37032,1.37051,2.25,1.00
2016.10.05 09:04:46.827,1.37032,1.37051,1.75,1.00
2016.10.05 09:04:46.878,1.37033,1.37052,1.50,1.00
2016.10.05 09:04:46.979,1.37034,1.37052,1.12,1.00
2016.10.05 09:04:47.030,1.37034,1.37054,1.87,1.50
2016.10.05 09:04:47.081,1.37035,1.37054,1.00,1.50
2016.10.05 09:04:47.131,1.37035,1.37054,1.50,1.00
2016.10.05 09:04:47.310,1.37036,1.37054,1.12,1.00
2016.10.05 09:04:48.145,1.37036,1.37054,1.50,1.00
2016.10.05 09:04:48.647,1.37037,1.37055,1.12,1.00
2016.10.05 09:04:48.698,1.37037,1.37055,1.87,1.00
2016.10.05 09:04:52.206,1.37037,1.37055,1.12,1.00
2016.10.05 09:04:59.551,1.37037,1.37055,1.12,1.00
2016.10.05 09:05:00.875,1.37037,1.37055,1.12,1.00
2016.10.05 09:05:01.334,1.37037,1.37055,1.75,1.00
2016.10.05 09:05:01.946,1.37037,1.37055,2.25,1.00
2016.10.05 09:05:03.108,1.37037,1.37055,1.75,1.00
2016.10.05 09:05:04.618,1.37037,1.37055,2.25,1.00
2016.10.05 09:05:04.668,1.37037,1.37055,2.25,1.00
2016.10.05 09:05:04.748,1.37038,1.37058,1.50,1.50
2016.10.05 09:05:05.426,1.37038,1.37058,1.50,1.50
2016.10.05 09:05:05.477,1.37038,1.37058,1.50,1.50
2016.10.05 09:05:05.528,1.37038,1.37058,2.25,1.50
2016.10.05 09:05:05.579,1.37041,1.37059,1.00,1.75
2016.10.05 09:05:05.630,1.37041,1.37059,1.00,1.00
2016.10.05 09:05:05.789,1.37041,1.37059,1.00,1.00
2016.10.05 09:05:06.719,1.37041,1.37059,1.50,1.00
2016.10.05 09:05:07.026,1.37041,1.37059,1.00,1.00
2016.10.05 09:05:08.832,1.37041,1.37059,1.50,1.00
2016.10.05 09:05:09.385,1.37045,1.37061,1.00,1.50
2016.10.05 09:05:09.436,1.37045,1.37061,1.00,1.50
2016.10.05 09:05:09.487,1.37045,1.37061,1.00,1.00
2016.10.05 09:05:09.601,1.37045,1.37061,1.00,1.00
2016.10.05 09:05:09.804,1.37045,1.37061,1.00,1.00
2016.10.05 09:05:12.878,1.37046,1.37063,1.00,1.12
2016.10.05 09:05:13.531,1.37046,1.37063,1.00,2.25
2016.10.05 09:05:13.701,1.37046,1.37063,1.00,1.75
2016.10.05 09:05:19.097,1.37046,1.37063,1.00,1.75
2016.10.05 09:05:19.499,1.37046,1.37063,1.00,1.75
2016.10.05 09:05:19.701,1.37046,1.37062,1.00,1.50
2016.10.05 09:05:19.802,1.37044,1.37061,1.00,1.12
2016.10.05 09:05:19.939,1.37044,1.37061,1.00,2.25
2016.10.05 09:05:20.607,1.37045,1.37061,1.00,2.25
2016.10.05 09:05:20.785,1.37045,1.37061,1.00,1.75
2016.10.05 09:05:20.907,1.37045,1.37061,1.00,2.25
2016.10.05 09:05:22.735,1.37044,1.37061,1.00,2.25
2016.10.05 09:05:26.445,1.37044,1.37061,1.00,2.25
2016.10.05 09:05:26.546,1.37044,1.37061,1.00,2.25
2016.10.05 09:05:26.648,1.37044,1.37061,1.00,1.87
2016.10.05 09:05:27.524,1.37044,1.37061,1.00,1.12
2016.10.05 09:05:27.819,1.37044,1.37061,1.00,1.12
2016.10.05 09:05:28.051,1.37046,1.37062,1.00,2.25
2016.10.05 09:05:33.321,1.37046,1.37061,1.00,1.12
2016.10.05 09:05:34.523,1.37046,1.37062,1.00,1.50
2016.10.05 09:05:37.617,1.37046,1.37063,1.00,2.25
2016.10.05 09:05:39.041,1.37046,1.37063,1.00,1.87
2016.10.05 09:05:39.990,1.37046,1.37063,1.00,1.87
2016.10.05 09:05:40.040,1.37046,1.37063,1.00,2.25
2016.10.05 09:05:40.091,1.37046,1.37063,1.00,2.25
2016.10.05 09:05:41.091,1.37046,1.37063,1.00,2.25
2016.10.05 09:05:43.827,1.37046,1.37063,1.00,1.50
2016.10.05 09:05:43.877,1.37046,1.37063,1.00,1.50
2016.10.05 09:05:44.835,1.37046,1.37064,1.00,1.75
2016.10.05 09:05:45.259,1.37046,1.37064,1.00,1.75
2016.10.05 09:05:49.015,1.37046,1.37064,1.00,1.75
2016.10.05 09:05:49.276,1.37046,1.37064,1.00,1.75
2016.10.05 09:05:51.025,1.37046,1.37064,1.75,1.00
2016.10.05 09:05:51.076,1.3705,1.37066,1.00,1.00
2016.10.05 09:05:51.360,1.3705,1.37068,1.00,1.50
2016.10.05 09:05:51.512,1.3705,1.37068,1.00,1.50
2016.10.05 09:05:51.904,1.3705,1.37068,1.00,1.50
2016.10.05 09:05:52.286,1.3705,1.37068,1.00,1.00
2016.10.05 09:05:52.999,1.37051,1.37068,1.00,1.00
2016.10.05 09:05:53.273,1.37052,1.37068,1.00,1.50
2016.10.05 09:05:54.550,1.37052,1.37068,1.00,1.00
2016.10.05 09:05:54.601,1.37054,1.37069,1.00,2.25
2016.10.05 09:05:54.882,1.37054,1.37069,1.00,1.00
2016.10.05 09:05:55.557,1.37053,1.3707,1.00,1.50
2016.10.05 09:05:59.062,1.37053,1.3707,1.12,1.50
2016.10.05 09:06:00.222,1.37053,1.37071,1.12,1.50
2016.10.05 09:06:00.272,1.37053,1.37071,1.75,1.50
2016.10.05 09:06:00.616,1.37055,1.37071,1.75,1.00
2016.10.05 09:06:00.718,1.37055,1.37072,1.75,1.00
2016.10.05 09:06:00.769,1.37055,1.37073,1.75,3.00
2016.10.05 09:06:00.820,1.37056,1.3707,1.00,1.75
2016.10.05 09:06:00.921,1.37058,1.37072,1.00,1.75
2016.10.05 09:06:00.972,1.37058,1.37072,1.00,1.12
2016.10.05 09:06:01.023,1.37058,1.37074,1.00,1.75
2016.10.05 09:06:01.074,1.37058,1.37074,1.00,1.00
2016.10.05 09:06:01.175,1.37058,1.37074,1.12,1.00
2016.10.05 09:06:01.497,1.37058,1.37074,1.00,1.00
2016.10.05 09:06:01.599,1.37063,1.37077,1.00,1.75
2016.10.05 09:06:07.700,1.37064,1.37079,1.00,2.62
2016.10.05 09:06:09.123,1.37064,1.37079,1.00,2.25
2016.10.05 09:06:12.135,1.37064,1.37078,1.00,1.75
2016.10.05 09:06:13.169,1.37062,1.37077,1.00,1.75
2016.10.05 09:06:13.270,1.37062,1.37076,1.00,1.50
2016.10.05 09:06:13.372,1.37062,1.37076,1.00,1.75
2016.10.05 09:06:16.226,1.37062,1.37077,1.00,1.75
2016.10.05 09:06:17.433,1.37062,1.37075,1.00,1.75
2016.10.05 09:06:20.850,1.37062,1.37076,1.00,1.75
2016.10.05 09:06:21.347,1.37062,1.37077,1.00,1.87
2016.10.05 09:06:21.782,1.37062,1.37077,1.00,1.75
2016.10.05 09:06:22.011,1.37062,1.37077,1.00,1.75
2016.10.05 09:06:22.066,1.37062,1.37077,1.00,1.75
2016.10.05 09:06:22.742,1.3706,1.37077,1.00,1.75
2016.10.05 09:06:24.372,1.3706,1.37077,1.00,1.75
2016.10.05 09:06:26.890,1.3706,1.37077,1.00,1.75
2016.10.05 09:06:28.085,1.37061,1.37077,1.00,1.75
2016.10.05 09:06:28.785,1.37061,1.37077,1.00,1.75
2016.10.05 09:06:29.614,1.37061,1.37077,1.00,1.87
2016.10.05 09:06:30.495,1.37061,1.37076,1.00,1.75
2016.10.05 09:06:33.581,1.37061,1.37076,1.00,1.87
2016.10.05 09:06:33.682,1.37061,1.37076,1.00,1.75
2016.10.05 09:06:34.050,1.37061,1.37077,1.00,2.62
2016.10.05 09:06:34.886,1.37061,1.37076,1.00,1.12
2016.10.05 09:06:36.136,1.37061,1.37076,1.00,1.12
2016.10.05 09:06:36.188,1.37061,1.37076,1.00,1.87
2016.10.05 09:06:36.941,1.37061,1.37076,1.00,2.62
2016.10.05 09:06:36.992,1.3706,1.37074,1.00,1.75
2016.10.05 09:06:37.042,1.3706,1.37074,1.00,1.75
2016.10.05 09:06:37.093,1.37056,1.3707,1.00,1.00
2016.10.05 09:06:37.145,1.37056,1.3707,1.00,2.25
2016.10.05 09:06:37.246,1.37056,1.3707,1.00,1.75
2016.10.05 09:06:37.392,1.37056,1.3707,1.00,2.25
2016.10.05 09:06:37.443,1.37053,1.37069,1.00,1.87
2016.10.05 09:06:37.546,1.37053,1.37069,1.00,1.75
2016.10.05 09:06:38.261,1.37053,1.37068,1.00,1.75
2016.10.05 09:06:38.417,1.37054,1.37069,1.00,1.75
2016.10.05 09:06:38.519,1.37054,1.37069,1.00,1.75
2016.10.05 09:06:39.138,1.37054,1.37069,1.00,1.75
2016.10.05 09:06:39.320,1.37054,1.37069,1.00,1.75
2016.10.05 09:06:39.604,1.37054,1.37068,1.00,1.75
2016.10.05 09:06:39.756,1.37054,1.37068,1.00,1.75
2016.10.05 09:06:39.923,1.37054,1.37067,1.00,1.75
2016.10.05 09:06:42.070,1.37054,1.37068,1.00,1.75
2016.10.05 09:06:42.172,1.37054,1.37068,1.00,1.75
2016.10.05 09:06:43.018,1.37052,1.37068,1.00,1.75
2016.10.05 09:06:44.320,1.37052,1.37068,1.00,1.75
2016.10.05 09:06:44.601,1.37052,1.37068,1.00,1.75
2016.10.05 09:06:46.100,1.37052,1.37068,1.00,1.75
2016.10.05 09:06:48.988,1.37052,1.37069,1.00,1.75
2016.10.05 09:06:52.819,1.37054,1.3707,1.00,1.75
2016.10.05 09:06:54.523,1.37055,1.37071,1.00,3.00
2016.10.05 09:06:54.574,1.37055,1.37071,1.00,2.25
2016.10.05 09:06:55.688,1.37055,1.3707,1.00,1.75
2016.10.05 09:06:55.739,1.37053,1.37069,1.00,1.75
2016.10.05 09:06:55.790,1.37053,1.37069,1.00,1.75
2016.10.05 09:06:55.840,1.37053,1.37069,1.00,2.25
2016.10.05 09:06:55.992,1.37053,1.37069,1.00,3.00
2016.10.05 09:06:56.565,1.37053,1.37067,1.00,1.50
2016.10.05 09:06:56.705,1.37053,1.37067,1.00,1.75
2016.10.05 09:06:56.908,1.37053,1.37067,1.00,1.75
2016.10.05 09:06:58.022,1.37051,1.37068,1.00,2.25
2016.10.05 09:06:59.301,1.37051,1.37068,1.00,2.25
2016.10.05 09:07:00.206,1.37051,1.37067,1.00,1.75
2016.10.05 09:07:00.406,1.37051,1.37067,1.00,1.87
2016.10.05 09:07:00.508,1.37051,1.37067,1.00,1.87
2016.10.05 09:07:00.689,1.37051,1.37067,1.00,1.87
2016.10.05 09:07:00.892,1.37051,1.37068,1.00,2.25
2016.10.05 09:07:01.962,1.37054,1.37068,1.00,1.75
2016.10.05 09:07:02.114,1.37054,1.3707,1.00,1.87
2016.10.05 09:07:02.165,1.37054,1.3707,1.00,1.75
2016.10.05 09:07:02.739,1.37054,1.3707,1.00,1.75
2016.10.05 09:07:07.835,1.37054,1.3707,1.00,2.25
2016.10.05 09:07:10.698,1.37054,1.37069,1.00,1.75
2016.10.05 09:07:11.687,1.37054,1.37069,1.00,1.75
2016.10.05 09:07:11.898,1.37054,1.37069,1.00,1.50
2016.10.05 09:07:11.949,1.37054,1.3707,1.00,1.75
2016.10.05 09:07:12.050,1.37054,1.3707,1.00,1.75
2016.10.05 09:07:12.151,1.37054,1.3707,1.00,1.75
2016.10.05 09:07:13.093,1.37054,1.37071,1.00,2.25
2016.10.05 09:07:15.050,1.37054,1.37071,1.00,2.25
2016.10.05 09:07:15.178,1.37054,1.37071,1.00,2.25
2016.10.05 09:07:20.468,1.37058,1.37071,1.00,1.75
2016.10.05 09:07:20.612,1.37058,1.37071,1.00,1.50
2016.10.05 09:07:20.663,1.37058,1.37072,1.00,3.37
2016.10.05 09:07:20.714,1.37058,1.37072,1.00,1.87
2016.10.05 09:07:20.815,1.37058,1.37072,1.00,1.12
2016.10.05 09:07:21.623,1.37058,1.37072,1.00,1.12
2016.10.05 09:07:21.777,1.37058,1.37072,1.00,1.87
2016.10.05 09:07:22.814,1.37058,1.37072,1.00,1.12
2016.10.05 09:07:22.917,1.37057,1.37074,1.00,2.25
2016.10.05 09:07:23.081,1.37057,1.37074,1.00,2.25
2016.10.05 09:07:23.284,1.37059,1.37075,1.00,1.75
2016.10.05 09:07:23.335,1.37059,1.37075,1.00,1.12
2016.10.05 09:07:23.872,1.3706,1.37076,1.00,2.25
2016.10.05 09:07:25.087,1.3706,1.37076,1.00,1.87
2016.10.05 09:07:25.593,1.3706,1.37076,1.00,1.87
2016.10.05 09:07:26.007,1.37061,1.37076,1.00,1.12
2016.10.05 09:07:26.645,1.37061,1.37077,1.00,1.50
2016.10.05 09:07:26.838,1.37061,1.37075,1.00,1.00
2016.10.05 09:07:26.889,1.37058,1.37075,1.00,1.00
2016.10.05 09:07:27.021,1.37059,1.37075,1.00,1.87
2016.10.05 09:07:27.072,1.37059,1.37076,1.00,3.75
2016.10.05 09:07:27.122,1.37059,1.37076,1.00,3.00
2016.10.05 09:07:27.173,1.37059,1.37076,1.00,1.87
2016.10.05 09:07:28.134,1.37062,1.37076,1.00,1.12
2016.10.05 09:07:28.185,1.37062,1.37077,1.00,2.25
2016.10.05 09:07:30.522,1.37062,1.37077,1.00,1.50
2016.10.05 09:07:32.121,1.37062,1.37077,1.00,1.75
2016.10.05 09:07:32.222,1.37062,1.37078,1.00,2.25
2016.10.05 09:07:32.273,1.37062,1.37077,1.00,1.75
2016.10.05 09:07:33.426,1.37062,1.37078,1.00,2.25
2016.10.05 09:07:37.831,1.37062,1.37078,1.00,1.75
2016.10.05 09:07:39.903,1.37062,1.37078,1.00,1.75
2016.10.05 09:07:42.042,1.37062,1.37078,1.00,1.75
2016.10.05 09:07:42.093,1.37062,1.37078,1.00,2.62
2016.10.05 09:07:42.144,1.37059,1.37077,1.00,1.75
2016.10.05 09:07:42.195,1.37059,1.37075,1.00,1.75
2016.10.05 09:07:42.245,1.37061,1.37075,1.00,1.75
2016.10.05 09:07:42.296,1.37061,1.37078,1.00,4.12
2016.10.05 09:07:42.474,1.37061,1.37076,1.00,1.75
2016.10.05 09:07:42.525,1.37061,1.37076,1.00,1.50
2016.10.05 09:07:42.575,1.37061,1.37078,1.00,1.75
2016.10.05 09:07:43.237,1.37063,1.37079,1.00,5.25
2016.10.05 09:07:43.527,1.37063,1.37079,1.00,2.25
2016.10.05 09:07:44.598,1.37063,1.37079,1.00,3.00
2016.10.05 09:07:44.943,1.37063,1.37079,1.00,2.25
2016.10.05 09:07:45.293,1.37063,1.37079,1.00,2.25
2016.10.05 09:07:48.338,1.37063,1.37078,1.00,1.75
2016.10.05 09:07:49.165,1.37063,1.37078,1.00,2.25
2016.10.05 09:07:55.659,1.37063,1.37078,1.00,1.75
2016.10.05 09:07:55.884,1.37063,1.37078,1.00,1.75
2016.10.05 09:07:56.137,1.37066,1.3708,1.00,1.50
2016.10.05 09:07:56.361,1.37068,1.37082,1.00,1.75
2016.10.05 09:07:56.412,1.37068,1.37082,1.00,1.75
2016.10.05 09:07:57.321,1.37069,1.37085,1.00,1.87
2016.10.05 09:07:58.279,1.37071,1.37087,1.00,1.75
2016.10.05 09:07:58.381,1.37071,1.37087,1.00,1.75
2016.10.05 09:07:58.753,1.37074,1.37088,1.00,1.75
2016.10.05 09:08:00.559,1.37074,1.37089,1.00,2.62
2016.10.05 09:08:00.610,1.37074,1.37089,1.00,2.25
2016.10.05 09:08:00.661,1.37074,1.37089,1.00,1.75
2016.10.05 09:08:02.362,1.37076,1.37092,1.00,3.37
2016.10.05 09:08:02.412,1.37076,1.37092,1.00,2.62
2016.10.05 09:08:02.699,1.37076,1.37092,1.00,3.37
2016.10.05 09:08:02.800,1.37076,1.37092,1.00,3.00
2016.10.05 09:08:02.902,1.37079,1.37094,1.00,4.12
2016.10.05 09:08:02.953,1.37079,1.37094,1.00,3.37
2016.10.05 09:08:03.004,1.37079,1.37093,1.00,1.75
2016.10.05 09:08:03.105,1.37079,1.37093,1.00,1.75
2016.10.05 09:08:03.458,1.37079,1.37093,1.00,1.75
2016.10.05 09:08:04.543,1.37079,1.37093,1.00,2.25
2016.10.05 09:08:04.594,1.37079,1.37093,1.00,1.75
2016.10.05 09:08:04.644,1.37079,1.37094,1.00,3.00
2016.10.05 09:08:04.695,1.37076,1.37091,1.00,1.75
2016.10.05 09:08:04.898,1.37079,1.37093,1.00,2.25
2016.10.05 09:08:05.167,1.37075,1.3709,1.00,1.50
2016.10.05 09:08:05.218,1.37075,1.37087,1.00,1.00
2016.10.05 09:08:05.268,1.37071,1.37087,1.00,1.00
2016.10.05 09:08:05.319,1.37071,1.37087,1.00,1.12
2016.10.05 09:08:05.370,1.37071,1.37087,1.00,1.87
2016.10.05 09:08:05.601,1.37071,1.37086,1.00,1.75
2016.10.05 09:08:05.768,1.37071,1.37086,1.00,1.75
2016.10.05 09:08:06.515,1.37071,1.37086,1.00,1.75
2016.10.05 09:08:06.566,1.37071,1.37086,1.00,1.75
2016.10.05 09:08:07.987,1.37071,1.37086,1.00,2.25
2016.10.05 09:08:08.470,1.37071,1.37086,1.00,2.25
2016.10.05 09:08:08.672,1.37071,1.37086,1.00,2.25
2016.10.05 09:08:09.238,1.37071,1.37085,1.00,1.12
2016.10.05 09:08:09.425,1.37069,1.37084,1.00,1.75
2016.10.05 09:08:10.373,1.37069,1.37084,1.00,1.75
2016.10.05 09:08:13.173,1.37069,1.37083,1.00,1.75
2016.10.05 09:08:13.828,1.37069,1.37083,1.00,1.75
2016.10.05 09:08:14.311,1.37069,1.37083,1.00,1.75
2016.10.05 09:08:14.389,1.37069,1.37083,1.00,1.75
2016.10.05 09:08:14.839,1.37066,1.37083,1.00,1.75
2016.10.05 09:08:14.889,1.37066,1.37081,1.00,1.75
2016.10.05 09:08:14.940,1.37066,1.3708,1.00,1.12
2016.10.05 09:08:14.991,1.37065,1.37079,1.00,1.75
2016.10.05 09:08:15.093,1.37065,1.37079,1.00,1.75
2016.10.05 09:08:19.125,1.37065,1.37079,1.00,2.25
2016.10.05 09:08:19.175,1.37065,1.37078,1.00,1.50
2016.10.05 09:08:19.226,1.37063,1.37078,1.00,1.75
2016.10.05 09:08:20.764,1.37063,1.37078,1.00,1.12
2016.10.05 09:08:21.098,1.37063,1.37078,1.00,1.12
2016.10.05 09:08:22.544,1.37063,1.37078,1.00,1.12
2016.10.05 09:08:22.595,1.37063,1.37077,1.00,1.75
2016.10.05 09:08:22.921,1.37055,1.37068,1.00,1.00
2016.10.05 09:08:22.972,1.37055,1.37068,1.00,1.00
2016.10.05 09:08:23.022,1.37053,1.37068,1.50,1.12
2016.10.05 09:08:23.073,1.37052,1.37067,1.00,1.50
2016.10.05 09:08:23.550,1.37052,1.37067,1.00,1.12
2016.10.05 09:08:24.069,1.37051,1.37067,1.00,1.12
2016.10.05 09:08:25.023,1.37051,1.37067,1.00,1.12
2016.10.05 09:08:25.236,1.37051,1.37067,1.00,1.87
2016.10.05 09:08:26.079,1.37051,1.37067,1.00,1.12
2016.10.05 09:08:28.255,1.3705,1.37066,1.00,1.00
2016.10.05 09:08:31.779,1.3705,1.37066,1.00,1.00
2016.10.05 09:08:36.332,1.3705,1.37066,1.00,1.00
2016.10.05 09:08:37.977,1.37052,1.37066,1.00,1.00
2016.10.05 09:08:42.080,1.37052,1.37066,1.00,1.12
2016.10.05 09:09:00.931,1.37052,1.37066,1.00,1.12
2016.10.05 09:09:01.390,1.37052,1.37066,1.00,1.12
2016.10.05 09:09:01.715,1.37052,1.37066,1.00,1.12
2016.10.05 09:09:01.934,1.37052,1.37066,1.00,1.12
2016.10.05 09:09:02.250,1.37052,1.37066,1.00,1.12
2016.10.05 09:09:02.938,1.37052,1.37066,1.00,1.12
2016.10.05 09:09:03.224,1.37052,1.37066,1.00,1.12
2016.10.05 09:09:03.327,1.37052,1.37066,1.00,1.12
2016.10.05 09:09:03.692,1.37052,1.37066,1.00,1.12
2016.10.05 09:09:06.290,1.37052,1.37066,1.00,1.50
2016.10.05 09:09:08.054,1.37051,1.37065,1.00,1.12
2016.10.05 09:09:09.230,1.37051,1.37063,1.00,1.00
2016.10.05 09:09:09.281,1.37047,1.37062,1.00,1.50
2016.10.05 09:09:09.332,1.37047,1.37061,1.00,1.12
2016.10.05 09:09:09.382,1.37047,1.3706,1.00,1.75
2016.10.05 09:09:09.433,1.37047,1.3706,1.00,1.75
2016.10.05 09:09:09.485,1.37044,1.37055,1.00,1.37
2016.10.05 09:09:09.631,1.37037,1.37053,1.50,1.87
2016.10.05 09:09:09.683,1.37036,1.37052,1.00,1.50
2016.10.05 09:09:09.737,1.37036,1.37052,1.00,1.75
2016.10.05 09:09:09.990,1.37036,1.37053,1.00,3.00
2016.10.05 09:09:10.316,1.37036,1.37053,1.00,3.00
2016.10.05 09:09:10.638,1.37036,1.37053,1.00,3.00
2016.10.05 09:09:10.968,1.37036,1.37052,1.00,1.75
2016.10.05 09:09:11.128,1.37036,1.37052,1.00,1.50
2016.10.05 09:09:11.331,1.37036,1.37052,1.00,1.50
2016.10.05 09:09:11.515,1.37036,1.37052,1.00,1.50
2016.10.05 09:09:11.696,1.37036,1.37052,1.00,1.75
2016.10.05 09:09:12.170,1.37036,1.3705,1.00,1.50
2016.10.05 09:09:12.221,1.37036,1.3705,1.00,1.50
2016.10.05 09:09:13.373,1.37037,1.37051,1.00,1.75
2016.10.05 09:09:13.576,1.37037,1.37053,1.00,2.25
2016.10.05 09:09:13.749,1.37037,1.37053,1.00,2.25
2016.10.05 09:09:14.599,1.37037,1.37053,1.00,3.00
2016.10.05 09:09:14.650,1.37037,1.37053,1.00,3.00
2016.10.05 09:09:15.628,1.37037,1.37053,1.00,3.00
2016.10.05 09:09:17.233,1.37037,1.37053,1.00,3.00
2016.10.05 09:09:17.335,1.37037,1.37053,1.00,2.25
2016.10.05 09:09:17.627,1.37037,1.37053,1.00,2.25
2016.10.05 09:09:17.734,1.37037,1.37053,1.00,2.25
2016.10.05 09:09:18.340,1.37037,1.37053,1.00,2.25
2016.10.05 09:09:18.392,1.37037,1.37051,1.00,1.00
2016.10.05 09:09:21.307,1.37037,1.37052,1.00,1.12
2016.10.05 09:09:22.628,1.37037,1.37053,1.00,3.00
2016.10.05 09:09:23.080,1.37037,1.37053,1.00,2.25
2016.10.05 09:09:23.197,1.37037,1.37053,1.00,1.50
2016.10.05 09:09:24.823,1.37039,1.37053,1.00,1.50
2016.10.05 09:09:24.991,1.37039,1.37053,1.00,1.12
2016.10.05 09:09:25.042,1.37039,1.37054,1.00,1.50
2016.10.05 09:09:25.143,1.37039,1.37054,1.00,1.12
2016.10.05 09:09:25.346,1.37039,1.37054,1.00,1.00
2016.10.05 09:09:25.448,1.37039,1.37054,1.00,1.12
2016.10.05 09:09:25.498,1.37039,1.37055,1.00,1.50
2016.10.05 09:09:25.782,1.37039,1.37055,1.00,1.50
2016.10.05 09:09:25.832,1.37039,1.37056,1.00,3.00
2016.10.05 09:09:26.545,1.37039,1.37056,1.00,2.25
2016.10.05 09:09:27.909,1.37039,1.37055,1.00,1.50
2016.10.05 09:09:28.846,1.3704,1.37055,1.00,1.50
2016.10.05 09:09:31.301,1.3704,1.37055,1.00,1.75
2016.10.05 09:09:32.706,1.3704,1.37054,1.00,1.75
2016.10.05 09:09:33.857,1.3704,1.37056,1.00,2.25
2016.10.05 09:09:36.268,1.3704,1.37056,1.00,1.75
2016.10.05 09:09:37.197,1.3704,1.37056,1.00,1.75
2016.10.05 09:09:37.350,1.37044,1.37058,1.00,1.75
2016.10.05 09:09:37.400,1.37044,1.37058,1.00,1.75
2016.10.05 09:09:37.452,1.37044,1.37058,1.00,1.50
2016.10.05 09:09:37.554,1.37044,1.37058,1.00,1.12
2016.10.05 09:09:38.145,1.37044,1.37058,1.00,1.12
2016.10.05 09:09:38.410,1.37043,1.3706,1.00,1.75
2016.10.05 09:09:39.274,1.37043,1.3706,1.00,2.25
2016.10.05 09:09:40.425,1.37043,1.3706,1.00,1.75
2016.10.05 09:09:41.964,1.3704,1.37059,1.00,1.50
2016.10.05 09:09:42.015,1.37039,1.37059,1.87,1.50
2016.10.05 09:09:42.066,1.37039,1.37059,2.25,1.50
2016.10.05 09:09:43.055,1.37039,1.37059,1.50,1.50
2016.10.05 09:09:43.106,1.37039,1.37059,1.00,1.75
2016.10.05 09:09:43.157,1.37039,1.37059,1.00,1.75
2016.10.05 09:09:43.623,1.37039,1.37059,1.00,1.75
2016.10.05 09:09:44.069,1.37038,1.37056,1.12,1.00
2016.10.05 09:09:44.171,1.37038,1.37056,1.12,1.50
2016.10.05 09:09:44.573,1.37038,1.37056,1.00,1.50
2016.10.05 09:09:44.698,1.37038,1.37056,1.00,1.50
2016.10.05 09:09:44.915,1.37038,1.37056,1.00,1.50
2016.10.05 09:09:44.966,1.37038,1.37056,1.00,1.50
2016.10.05 09:09:45.168,1.37038,1.37056,1.00,1.50
2016.10.05 09:09:45.271,1.37034,1.37054,3.00,1.00
2016.10.05 09:09:45.321,1.37034,1.37054,2.25,1.00
2016.10.05 09:09:45.372,1.37034,1.37054,1.12,1.75
2016.10.05 09:09:45.715,1.37034,1.37054,1.00,1.75
2016.10.05 09:09:46.241,1.37032,1.3705,1.12,1.00
2016.10.05 09:09:46.343,1.37032,1.3705,1.12,1.50
2016.10.05 09:09:47.157,1.37032,1.3705,1.87,1.50
2016.10.05 09:09:48.009,1.37032,1.3705,1.12,1.50
2016.10.05 09:09:49.214,1.37033,1.3705,1.00,1.50
2016.10.05 09:09:49.717,1.37032,1.3705,1.87,1.50
2016.10.05 09:09:54.131,1.37032,1.3705,1.87,1.50
2016.10.05 09:09:55.899,1.37032,1.3705,1.87,1.50
2016.10.05 09:09:56.851,1.37033,1.3705,1.00,1.50
2016.10.05 09:09:57.025,1.37034,1.3705,1.00,1.50
2016.10.05 09:09:57.258,1.37033,1.3705,1.00,1.50
2016.10.05 09:09:57.359,1.37034,1.3705,1.00,1.50
2016.10.05 09:09:57.460,1.37034,1.3705,1.00,1.12
2016.10.05 09:09:58.013,1.37034,1.37052,1.50,1.75
2016.10.05 09:09:58.063,1.37034,1.37052,1.00,1.75
2016.10.05 09:09:58.165,1.37034,1.37052,1.50,1.75
2016.10.05 09:09:58.367,1.37034,1.37052,1.00,1.75
2016.10.05 09:09:59.176,1.37034,1.37052,1.50,1.75
2016.10.05 09:09:59.688,1.37035,1.37052,1.00,1.75
2016.10.05 09:09:59.739,1.37034,1.37052,1.50,1.75
2016.10.05 09:09:59.840,1.37035,1.37052,1.00,1.75
2016.10.05 09:09:59.891,1.37035,1.37053,1.50,1.75
2016.10.05 09:09:59.942,1.37037,1.37053,1.00,1.75
2016.10.05 09:09:59.993,1.37038,1.37056,1.00,1.75
2016.10.05 09:10:00.275,1.37038,1.37056,1.00,2.25
2016.10.05 09:10:00.377,1.37038,1.37056,1.00,1.75
2016.10.05 09:10:00.551,1.37038,1.37056,1.12,1.50
2016.10.05 09:10:00.980,1.37038,1.37056,1.12,1.50
2016.10.05 09:10:01.081,1.37038,1.37056,1.50,1.12
2016.10.05 09:10:01.722,1.37038,1.37056,1.50,1.12
2016.10.05 09:10:02.284,1.37038,1.37056,1.50,1.12
2016.10.05 09:10:03.176,1.37038,1.37056,1.00,1.75
2016.10.05 09:10:03.475,1.37038,1.37056,1.00,1.75
2016.10.05 09:10:04.956,1.37038,1.37056,1.00,1.75
2016.10.05 09:10:05.701,1.37035,1.37055,3.00,1.75
2016.10.05 09:10:08.069,1.37035,1.37055,2.25,1.75
2016.10.05 09:10:08.119,1.37035,1.37055,1.50,1.75
2016.10.05 09:10:08.221,1.37035,1.37054,1.00,1.50
2016.10.05 09:10:08.502,1.37035,1.37054,1.00,1.50
2016.10.05 09:10:08.688,1.37031,1.37051,1.87,1.50
2016.10.05 09:10:08.792,1.37031,1.37051,1.00,1.75
2016.10.05 09:10:08.897,1.37029,1.37047,1.87,1.00
2016.10.05 09:10:08.968,1.37029,1.37047,1.12,1.00
2016.10.05 09:10:09.040,1.37029,1.37047,1.87,1.00
2016.10.05 09:10:09.877,1.37029,1.37047,1.12,1.00
2016.10.05 09:10:09.928,1.37028,1.37047,1.50,1.00
2016.10.05 09:10:10.060,1.37028,1.37047,1.00,1.50
2016.10.05 09:10:10.111,1.37027,1.37047,1.87,1.50
2016.10.05 09:10:10.163,1.37028,1.37047,1.00,1.50
2016.10.05 09:10:10.265,1.37027,1.37047,1.12,1.50
2016.10.05 09:10:10.316,1.37027,1.37047,1.12,1.75
2016.10.05 09:10:10.844,1.37027,1.37047,1.87,1.75
2016.10.05 09:10:11.948,1.37027,1.37047,1.12,1.75
2016.10.05 09:10:11.999,1.37026,1.37046,2.25,1.75
2016.10.05 09:10:12.100,1.37026,1.37046,2.25,1.75
2016.10.05 09:10:12.405,1.37026,1.37046,1.50,1.75
2016.10.05 09:10:15.261,1.37026,1.37046,1.75,1.50
2016.10.05 09:10:15.312,1.37026,1.37044,1.75,1.00
2016.10.05 09:10:15.363,1.37026,1.37044,2.25,1.00
2016.10.05 09:10:15.636,1.37028,1.37044,1.12,1.00
2016.10.05 09:10:15.687,1.37028,1.37047,1.12,1.75
2016.10.05 09:10:15.788,1.37028,1.37047,1.12,1.75
2016.10.05 09:10:15.839,1.37028,1.37047,1.75,1.12
2016.10.05 09:10:16.288,1.37028,1.37047,1.75,1.00
2016.10.05 09:10:16.534,1.37029,1.37047,1.50,1.00
2016.10.05 09:10:16.585,1.3703,1.37047,1.12,1.00
2016.10.05 09:10:16.687,1.37029,1.37047,2.25,1.00
2016.10.05 09:10:16.791,1.37029,1.37047,2.25,1.00
2016.10.05 09:10:17.773,1.37029,1.37047,1.50,1.00
2016.10.05 09:10:18.043,1.37029,1.37047,1.50,1.00
2016.10.05 09:10:18.094,1.37029,1.37047,2.25,1.00
2016.10.05 09:10:18.196,1.37029,1.37047,1.50,1.00
2016.10.05 09:10:18.367,1.37029,1.37047,2.25,1.00
2016.10.05 09:10:18.418,1.37029,1.37047,2.25,1.00
2016.10.05 09:10:18.469,1.37029,1.37047,1.50,1.00
2016.10.05 09:10:18.520,1.37029,1.37047,1.50,1.00
2016.10.05 09:10:19.146,1.37029,1.37047,1.50,1.00
2016.10.05 09:10:19.500,1.37029,1.37047,1.50,1.00
2016.10.05 09:10:19.601,1.37029,1.37047,1.50,1.00
2016.10.05 09:10:19.702,1.37029,1.37047,1.50,1.00
2016.10.05 09:10:21.656,1.37029,1.37047,1.50,1.00
2016.10.05 09:10:21.864,1.37026,1.37046,1.75,1.00
2016.10.05 09:10:25.698,1.37027,1.37046,1.75,1.00
2016.10.05 09:10:26.116,1.37028,1.37046,1.75,1.00
2016.10.05 09:10:26.432,1.37027,1.37046,1.75,1.00
2016.10.05 09:10:26.591,1.37027,1.37046,1.75,1.00
2016.10.05 09:10:26.642,1.37026,1.37046,2.25,1.00
2016.10.05 09:10:36.491,1.37027,1.37046,1.75,1.00
2016.10.05 09:10:37.644,1.37027,1.37046,1.75,1.00
2016.10.05 09:10:38.278,1.37028,1.37046,1.75,1.00
2016.10.05 09:10:38.329,1.37028,1.37046,1.75,1.00
2016.10.05 09:10:43.029,1.37028,1.37048,1.75,1.50
2016.10.05 09:10:43.080,1.37028,1.37048,2.25,1.50
2016.10.05 09:10:43.131,1.37029,1.37048,1.50,1.00
2016.10.05 09:10:43.183,1.37029,1.37048,1.50,1.00
2016.10.05 09:10:43.234,1.37029,1.37048,1.87,1.00
2016.10.05 09:10:43.285,1.3703,1.3705,1.75,1.50
2016.10.05 09:10:43.335,1.37033,1.3705,1.00,1.00
2016.10.05 09:10:43.439,1.37032,1.3705,1.12,1.00
2016.10.05 09:10:44.137,1.37031,1.3705,1.50,1.00
2016.10.05 09:10:44.239,1.37033,1.3705,1.00,1.00
2016.10.05 09:10:44.423,1.37033,1.37051,1.75,1.00
2016.10.05 09:10:45.043,1.37032,1.37051,1.75,1.00
2016.10.05 09:10:46.005,1.37032,1.37051,1.75,1.00
2016.10.05 09:10:46.622,1.37031,1.37051,2.25,1.00
2016.10.05 09:10:46.673,1.37031,1.37051,2.25,1.00
2016.10.05 09:10:48.772,1.37031,1.37051,3.00,1.00
2016.10.05 09:10:48.873,1.37031,1.37051,3.00,1.00
2016.10.05 09:10:49.974,1.37031,1.37051,2.25,1.00
2016.10.05 09:10:50.517,1.37031,1.37051,1.75,1.00
2016.10.05 09:10:53.260,1.37032,1.37052,1.75,1.12
2016.10.05 09:10:53.310,1.37032,1.37052,1.75,1.12
2016.10.05 09:10:54.083,1.37032,1.37052,1.75,1.12
2016.10.05 09:10:54.184,1.37032,1.37052,1.75,1.12
2016.10.05 09:10:55.927,1.37032,1.37052,1.75,1.12
2016.10.05 09:10:57.271,1.37033,1.37052,1.75,1.12
2016.10.05 09:10:58.340,1.37032,1.37052,1.75,1.12
2016.10.05 09:10:59.529,1.37032,1.37052,2.25,1.12
2016.10.05 09:11:02.200,1.37032,1.37052,2.25,1.12
2016.10.05 09:11:02.251,1.37032,1.37052,1.75,1.12
2016.10.05 09:11:02.759,1.37032,1.37052,2.25,1.12
2016.10.05 09:11:02.810,1.37032,1.37052,2.25,1.12
2016.10.05 09:11:03.002,1.37032,1.37052,2.25,1.12
2016.10.05 09:11:03.052,1.37032,1.37052,1.75,1.12
2016.10.05 09:11:03.236,1.37033,1.37052,1.75,1.12
2016.10.05 09:11:03.570,1.37032,1.37052,2.25,1.12
2016.10.05 09:11:03.620,1.37032,1.37052,2.25,1.12
2016.10.05 09:11:03.722,1.37032,1.37052,2.25,1.12
2016.10.05 09:11:06.373,1.37032,1.37052,2.25,1.12
2016.10.05 09:11:06.424,1.37032,1.37052,2.25,1.12
2016.10.05 09:11:06.525,1.37032,1.37052,2.25,1.00
2016.10.05 09:11:06.902,1.37032,1.37052,1.75,1.00
2016.10.05 09:11:06.971,1.37032,1.37052,1.75,1.00
2016.10.05 09:11:11.759,1.37032,1.37052,1.75,1.00
2016.10.05 09:11:16.260,1.37032,1.37052,1.75,1.00
2016.10.05 09:11:16.311,1.37032,1.37052,2.25,1.00
2016.10.05 09:11:16.361,1.37032,1.37052,2.25,1.00
2016.10.05 09:11:16.412,1.37032,1.37052,1.75,1.00
2016.10.05 09:11:16.463,1.37032,1.37052,1.75,1.00
2016.10.05 09:11:16.569,1.37032,1.37052,2.25,1.00
2016.10.05 09:11:18.857,1.37032,1.37052,2.25,1.00
2016.10.05 09:11:20.051,1.37032,1.37052,2.25,1.00
2016.10.05 09:11:20.288,1.37032,1.37052,1.75,1.00
2016.10.05 09:11:22.051,1.37032,1.37052,1.75,1.12
2016.10.05 09:11:22.203,1.37032,1.37052,1.75,1.12
2016.10.05 09:11:22.253,1.37031,1.37049,1.75,1.00
2016.10.05 09:11:22.413,1.37031,1.37049,1.75,1.00
2016.10.05 09:11:22.467,1.37031,1.37049,1.75,1.00
2016.10.05 09:11:22.519,1.37031,1.37049,1.50,1.00
2016.10.05 09:11:22.620,1.37031,1.37049,1.12,1.50
2016.10.05 09:11:23.332,1.37029,1.37049,1.75,1.50
2016.10.05 09:11:23.383,1.37029,1.37049,1.75,1.50
2016.10.05 09:11:26.569,1.37028,1.37047,1.75,1.00
2016.10.05 09:11:26.721,1.37027,1.37047,2.25,1.00
2016.10.05 09:11:28.532,1.37029,1.37047,1.75,1.00
2016.10.05 09:11:36.854,1.37029,1.37047,1.75,1.00
2016.10.05 09:11:37.076,1.37029,1.37047,1.75,1.00
2016.10.05 09:11:37.687,1.37029,1.37047,1.50,1.12
2016.10.05 09:11:43.048,1.37029,1.37047,1.12,1.50
2016.10.05 09:11:43.691,1.37029,1.37047,1.12,1.50
2016.10.05 09:11:43.742,1.37029,1.37046,1.12,1.00
2016.10.05 09:11:43.793,1.37027,1.37045,1.75,1.00
2016.10.05 09:11:43.844,1.37027,1.37045,1.00,1.87
2016.10.05 09:11:44.430,1.37027,1.37043,1.00,1.12
2016.10.05 09:11:44.582,1.37025,1.37043,1.00,1.75
2016.10.05 09:11:44.632,1.37025,1.37043,1.00,1.75
2016.10.05 09:11:48.760,1.37025,1.37043,1.00,1.87
2016.10.05 09:11:48.862,1.37027,1.37043,1.00,1.75
2016.10.05 09:11:49.040,1.37027,1.37043,1.00,1.50
2016.10.05 09:11:49.105,1.37026,1.37043,1.00,1.50
2016.10.05 09:11:49.456,1.37026,1.37043,1.00,1.50
2016.10.05 09:11:49.748,1.37026,1.37043,1.00,1.50
2016.10.05 09:11:50.365,1.37028,1.37043,1.00,1.50
2016.10.05 09:11:51.519,1.37028,1.37045,1.00,1.75
2016.10.05 09:11:51.570,1.37028,1.37045,1.00,1.75
2016.10.05 09:11:52.171,1.37027,1.37045,1.50,1.75
2016.10.05 09:11:52.221,1.37029,1.37047,1.00,1.87
2016.10.05 09:11:52.272,1.37029,1.37047,1.50,1.87
2016.10.05 09:11:52.373,1.37029,1.37047,1.00,1.87
2016.10.05 09:11:53.074,1.37029,1.37047,1.00,1.87
2016.10.05 09:11:53.226,1.37029,1.37047,1.00,1.12
2016.10.05 09:11:53.923,1.37027,1.37037,1.00,1.00
2016.10.05 09:11:53.974,1.37024,1.37037,1.50,1.00
2016.10.05 09:11:54.025,1.37023,1.37044,1.50,1.50
2016.10.05 09:11:54.076,1.37025,1.37043,1.00,1.12
2016.10.05 09:11:54.177,1.37023,1.37043,1.50,1.12
2016.10.05 09:11:55.065,1.37023,1.37043,1.00,1.12
2016.10.05 09:11:55.179,1.37024,1.37044,1.00,1.87
2016.10.05 09:11:55.945,1.37024,1.37044,1.00,1.87
2016.10.05 09:11:56.534,1.37023,1.37044,1.00,1.87
2016.10.05 09:11:58.015,1.37023,1.37044,1.00,2.62
2016.10.05 09:11:58.603,1.37022,1.37042,1.50,1.75
2016.10.05 09:11:58.654,1.37022,1.37042,1.50,1.75
2016.10.05 09:12:01.961,1.37022,1.37042,1.50,1.75
2016.10.05 09:12:02.064,1.37023,1.37042,1.00,1.75
2016.10.05 09:12:02.115,1.37026,1.37044,1.00,1.12
2016.10.05 09:12:02.165,1.37026,1.37044,1.00,1.12
2016.10.05 09:12:02.447,1.37027,1.37043,1.00,1.37
2016.10.05 09:12:02.649,1.37027,1.37045,1.00,1.87
2016.10.05 09:12:03.092,1.37027,1.37045,1.00,1.75
2016.10.05 09:12:03.143,1.37029,1.37047,1.00,1.87
2016.10.05 09:12:03.194,1.37029,1.37047,1.50,1.87
2016.10.05 09:12:03.254,1.37029,1.37047,1.50,1.87
2016.10.05 09:12:03.305,1.3703,1.37047,1.00,1.87
2016.10.05 09:12:03.418,1.37031,1.37047,1.00,1.12
2016.10.05 09:12:03.649,1.37031,1.37047,1.50,1.12
2016.10.05 09:12:03.814,1.37031,1.37047,1.00,1.12
2016.10.05 09:12:03.966,1.37031,1.37049,1.00,1.87
2016.10.05 09:12:04.067,1.37031,1.37049,1.00,1.75
2016.10.05 09:12:04.199,1.37031,1.37048,1.00,1.12
2016.10.05 09:12:04.255,1.37025,1.37045,2.25,1.12
2016.10.05 09:12:04.306,1.37025,1.37045,1.50,1.50
2016.10.05 09:12:04.357,1.37025,1.37042,1.50,1.00
2016.10.05 09:12:04.409,1.37025,1.37042,1.00,1.50
2016.10.05 09:12:04.460,1.37021,1.37039,2.25,1.00
2016.10.05 09:12:04.510,1.37021,1.37039,1.00,1.00
2016.10.05 09:12:04.612,1.37021,1.37039,1.00,1.00
2016.10.05 09:12:04.667,1.37021,1.37039,1.00,1.00
2016.10.05 09:12:04.769,1.37021,1.37039,1.00,1.00
2016.10.05 09:12:05.219,1.37024,1.37042,1.00,1.50
2016.10.05 09:12:05.423,1.37024,1.37042,1.12,1.00
2016.10.05 09:12:05.869,1.37024,1.37042,1.12,1.00
2016.10.05 09:12:06.023,1.37024,1.37044,1.87,1.50
2016.10.05 09:12:06.073,1.37024,1.37044,1.87,1.50
2016.10.05 09:12:06.124,1.37025,1.37044,1.00,1.50
2016.10.05 09:12:06.175,1.37025,1.37044,1.12,1.12
2016.10.05 09:12:06.286,1.37026,1.37044,1.00,1.12
2016.10.05 09:12:06.387,1.37026,1.37044,1.12,1.00
2016.10.05 09:12:06.438,1.37027,1.37045,1.00,1.12
2016.10.05 09:12:06.489,1.37027,1.37045,1.50,1.12
2016.10.05 09:12:06.706,1.37028,1.37045,1.00,1.12
2016.10.05 09:12:06.808,1.37029,1.37045,1.00,1.00
2016.10.05 09:12:07.027,1.37027,1.37045,1.87,1.00
2016.10.05 09:12:07.244,1.37027,1.37045,1.12,1.00
2016.10.05 09:12:07.295,1.37027,1.37045,1.75,1.00
2016.10.05 09:12:07.675,1.37027,1.37045,1.75,1.00
2016.10.05 09:12:07.726,1.37028,1.37045,1.75,1.00
2016.10.05 09:12:08.428,1.37028,1.37047,1.75,1.87
2016.10.05 09:12:08.932,1.37028,1.37047,1.75,1.87
2016.10.05 09:12:08.985,1.37028,1.37047,1.75,1.12
2016.10.05 09:12:09.185,1.37029,1.37047,1.50,1.12
2016.10.05 09:12:09.438,1.37029,1.37048,1.50,1.50
2016.10.05 09:12:10.091,1.3703,1.37048,1.12,1.50
2016.10.05 09:12:10.192,1.3703,1.37048,1.12,1.50
2016.10.05 09:12:10.483,1.3703,1.37048,1.12,1.50
2016.10.05 09:12:10.534,1.37028,1.37048,2.25,1.50
2016.10.05 09:12:10.585,1.37028,1.37048,2.25,1.50
2016.10.05 09:12:10.635,1.37029,1.37048,1.50,1.50
2016.10.05 09:12:10.686,1.37029,1.37048,1.50,1.50
2016.10.05 09:12:10.788,1.37029,1.37048,1.50,1.00
2016.10.05 09:12:11.602,1.37029,1.37048,1.50,1.00
2016.10.05 09:12:11.686,1.37029,1.37048,1.50,1.00
2016.10.05 09:12:11.787,1.37029,1.37048,1.50,1.00
2016.10.05 09:12:11.973,1.37029,1.37048,1.50,1.00
2016.10.05 09:12:12.404,1.37028,1.37048,2.25,1.00
2016.10.05 09:12:12.505,1.37028,1.37048,2.25,1.00
2016.10.05 09:12:14.427,1.37028,1.37048,2.25,1.00
2016.10.05 09:12:14.535,1.37031,1.37049,1.00,1.12
2016.10.05 09:12:14.971,1.37031,1.37049,1.50,1.12
2016.10.05 09:12:21.200,1.37031,1.37049,1.50,1.12
2016.10.05 09:12:21.352,1.37032,1.3705,1.00,1.12
2016.10.05 09:12:21.453,1.37031,1.37051,1.20,1.50
2016.10.05 09:12:21.555,1.37031,1.37051,2.32,1.75
2016.10.05 09:12:22.033,1.37031,1.37051,1.57,1.75
2016.10.05 09:12:22.111,1.37031,1.37051,1.57,1.75
2016.10.05 09:12:22.161,1.3703,1.37048,1.82,1.00
2016.10.05 09:12:22.212,1.3703,1.37048,1.82,1.00
2016.10.05 09:12:22.313,1.37031,1.37048,1.57,1.00
2016.10.05 09:12:22.364,1.37032,1.3705,1.20,1.50
2016.10.05 09:12:22.465,1.37032,1.3705,1.12,1.50
2016.10.05 09:12:23.203,1.37032,1.3705,1.00,1.75
2016.10.05 09:12:23.413,1.37032,1.3705,1.00,1.75
2016.10.05 09:12:23.464,1.37029,1.37049,1.87,1.50
2016.10.05 09:12:25.233,1.37031,1.37049,1.00,1.50
2016.10.05 09:12:25.284,1.37032,1.3705,1.00,1.75
2016.10.05 09:12:25.335,1.37032,1.3705,1.50,1.75
2016.10.05 09:12:25.436,1.37032,1.3705,2.25,1.12
2016.10.05 09:12:25.537,1.37033,1.3705,1.12,1.00
2016.10.05 09:12:25.766,1.37033,1.3705,1.75,1.00
2016.10.05 09:12:26.336,1.37033,1.3705,1.75,1.00
2016.10.05 09:12:27.114,1.37032,1.3705,3.00,1.00
2016.10.05 09:12:27.215,1.37033,1.3705,1.75,1.00
2016.10.05 09:12:28.716,1.37033,1.37052,1.75,1.12
2016.10.05 09:12:29.026,1.37033,1.37052,1.75,1.12
2016.10.05 09:12:31.371,1.37032,1.37052,1.75,1.12
2016.10.05 09:12:31.573,1.37032,1.37052,1.75,1.12
2016.10.05 09:12:31.675,1.37032,1.37052,1.75,1.12
2016.10.05 09:12:31.725,1.37032,1.37052,2.25,1.12
2016.10.05 09:12:31.977,1.37032,1.37052,1.75,1.12
2016.10.05 09:12:32.033,1.37032,1.37052,1.75,1.12
2016.10.05 09:12:32.235,1.37032,1.37052,1.75,1.12
2016.10.05 09:12:32.438,1.37032,1.37052,2.25,1.12
2016.10.05 09:12:32.539,1.37032,1.37052,2.25,1.12
2016.10.05 09:12:33.379,1.37032,1.37052,2.25,1.12
2016.10.05 09:12:33.430,1.37034,1.37052,1.50,1.12
2016.10.05 09:12:33.481,1.37034,1.37052,1.50,1.12
2016.10.05 09:12:33.672,1.37032,1.37052,2.25,1.12
2016.10.05 09:12:33.948,1.37032,1.37052,2.25,1.12
2016.10.05 09:12:34.132,1.37032,1.37052,3.00,1.12
2016.10.05 09:12:34.439,1.37033,1.37052,1.75,1.12
2016.10.05 09:12:34.645,1.37035,1.37052,1.12,1.12
2016.10.05 09:12:34.746,1.37033,1.37052,1.75,1.12
2016.10.05 09:12:35.176,1.37033,1.37045,1.75,1.00
2016.10.05 09:12:35.277,1.37029,1.37043,1.75,1.00
2016.10.05 09:12:35.328,1.37029,1.37043,1.50,1.00
2016.10.05 09:12:35.378,1.37029,1.37043,1.50,1.00
2016.10.05 09:12:35.429,1.37029,1.37043,1.00,1.12
2016.10.05 09:12:35.480,1.37029,1.37043,1.00,1.50
2016.10.05 09:12:35.531,1.37025,1.37041,1.00,1.00
2016.10.05 09:12:35.581,1.37025,1.37041,1.00,1.00
2016.10.05 09:12:35.632,1.37025,1.37042,1.00,1.12
2016.10.05 09:12:35.772,1.37025,1.37039,1.00,1.00
2016.10.05 09:12:35.823,1.37017,1.37034,1.75,1.00
2016.10.05 09:12:35.873,1.37017,1.37034,1.75,1.00
2016.10.05 09:12:36.025,1.37015,1.37034,1.87,1.00
2016.10.05 09:12:38.472,1.37015,1.37035,2.62,1.00
2016.10.05 09:12:38.573,1.37015,1.37035,2.25,1.00
2016.10.05 09:12:39.350,1.37015,1.37035,1.75,1.00
2016.10.05 09:12:39.452,1.37015,1.37035,2.25,1.00
2016.10.05 09:12:39.741,1.37015,1.37035,1.75,1.00
2016.10.05 09:12:39.792,1.37015,1.37035,1.75,1.00
2016.10.05 09:12:39.843,1.37015,1.37035,2.25,1.00
2016.10.05 09:12:40.739,1.37015,1.37035,2.25,1.00
2016.10.05 09:12:41.259,1.37015,1.37035,2.25,1.00
2016.10.05 09:12:41.361,1.37019,1.37035,1.00,1.00
2016.10.05 09:12:41.412,1.37019,1.37036,1.00,1.12
2016.10.05 09:12:41.565,1.37018,1.37036,1.50,1.12
2016.10.05 09:12:41.616,1.37018,1.37036,2.25,1.00
2016.10.05 09:12:41.788,1.37024,1.37041,1.50,1.50
2016.10.05 09:12:41.839,1.37024,1.37041,1.50,1.00
2016.10.05 09:12:41.890,1.37025,1.37041,1.12,1.00
2016.10.05 09:12:41.991,1.37024,1.37041,1.50,1.00
2016.10.05 09:12:42.092,1.37025,1.37041,1.12,1.00
2016.10.05 09:12:42.166,1.37022,1.3704,1.87,1.00
2016.10.05 09:12:42.217,1.37022,1.3704,1.75,1.00
2016.10.05 09:12:42.267,1.37021,1.3704,1.87,1.00
2016.10.05 09:12:42.451,1.37021,1.3704,1.75,1.00
2016.10.05 09:12:42.516,1.37021,1.3704,1.75,1.12
2016.10.05 09:12:42.567,1.37021,1.3704,1.12,1.12
2016.10.05 09:12:42.719,1.3702,1.37038,1.50,1.00
2016.10.05 09:12:43.396,1.3702,1.37038,1.50,1.00
2016.10.05 09:12:44.037,1.3702,1.37038,1.50,1.00
2016.10.05 09:12:45.509,1.3702,1.37038,1.50,1.00
2016.10.05 09:12:45.561,1.3702,1.37038,1.50,1.12
2016.10.05 09:12:47.984,1.3702,1.37038,1.50,1.12
2016.10.05 09:12:48.900,1.3702,1.37038,1.50,1.12
2016.10.05 09:12:49.705,1.3702,1.37038,1.50,1.12
2016.10.05 09:12:50.180,1.3702,1.37038,2.25,1.12
2016.10.05 09:12:50.230,1.3702,1.37038,2.25,1.12
2016.10.05 09:12:50.281,1.3702,1.37038,1.00,1.50
2016.10.05 09:12:50.332,1.3702,1.37038,1.00,1.50
2016.10.05 09:12:50.383,1.3702,1.37038,2.25,1.00
2016.10.05 09:12:50.434,1.3702,1.37038,2.25,1.00
2016.10.05 09:12:50.485,1.3702,1.37038,1.75,1.00
2016.10.05 09:12:50.535,1.3702,1.37038,1.75,1.00
2016.10.05 09:12:50.766,1.37025,1.37043,1.00,1.75
2016.10.05 09:12:50.817,1.37025,1.37045,1.75,1.50
2016.10.05 09:12:50.868,1.37025,1.37045,2.25,1.50
2016.10.05 09:12:50.969,1.37025,1.37045,3.00,1.50
2016.10.05 09:12:51.600,1.37025,1.37045,2.25,1.50
2016.10.05 09:12:51.652,1.37025,1.37045,2.25,1.50
2016.10.05 09:12:51.703,1.37025,1.37045,2.25,1.50
2016.10.05 09:12:51.941,1.37025,1.37045,1.75,1.50
2016.10.05 09:12:52.559,1.37025,1.37045,2.25,1.50
2016.10.05 09:12:52.814,1.37025,1.37045,2.25,1.50
2016.10.05 09:12:52.918,1.37025,1.37045,2.25,1.50
2016.10.05 09:12:53.187,1.37027,1.37045,1.12,1.50
2016.10.05 09:12:53.498,1.37027,1.37044,1.12,1.12
2016.10.05 09:12:53.548,1.37027,1.37044,1.12,1.12
2016.10.05 09:12:53.820,1.37027,1.37045,1.87,1.50
2016.10.05 09:12:54.063,1.37029,1.37045,1.00,1.50
2016.10.05 09:12:54.120,1.37029,1.37045,1.12,1.00
2016.10.05 09:12:54.713,1.37028,1.37045,2.25,1.00
2016.10.05 09:12:54.857,1.37028,1.37046,3.00,1.12
2016.10.05 09:12:54.908,1.37028,1.37046,2.25,1.00
2016.10.05 09:12:55.175,1.37029,1.37046,1.12,1.00
2016.10.05 09:12:55.907,1.37029,1.37047,1.87,1.00
2016.10.05 09:12:56.058,1.37031,1.37047,1.00,1.00
2016.10.05 09:12:56.109,1.37032,1.3705,1.00,1.50
2016.10.05 09:12:56.211,1.37032,1.3705,1.12,1.00
2016.10.05 09:12:56.262,1.37032,1.3705,1.12,1.00
2016.10.05 09:12:57.770,1.37031,1.37051,1.50,1.12
2016.10.05 09:12:57.822,1.37031,1.37051,1.50,1.12
2016.10.05 09:12:57.873,1.37031,1.37051,1.75,1.00
2016.10.05 09:12:57.924,1.37032,1.37051,1.50,1.00
2016.10.05 09:12:57.975,1.37033,1.37051,1.50,1.12
2016.10.05 09:12:58.621,1.37033,1.37051,1.50,1.00
2016.10.05 09:12:58.836,1.37033,1.37052,1.50,1.00
2016.10.05 09:12:59.121,1.37035,1.37052,1.00,1.00
2016.10.05 09:12:59.172,1.37035,1.37051,1.50,1.00
2016.10.05 09:13:00.111,1.37034,1.37051,1.75,1.00
2016.10.05 09:13:00.448,1.37035,1.37053,1.50,1.12
2016.10.05 09:13:00.614,1.37035,1.37053,2.25,1.12
2016.10.05 09:13:01.351,1.37035,1.37053,3.00,1.12
2016.10.05 09:13:01.845,1.37035,1.37053,3.00,1.12
2016.10.05 09:13:01.896,1.37036,1.37053,1.12,1.12
2016.10.05 09:13:01.946,1.37037,1.37055,1.00,1.75
2016.10.05 09:13:01.997,1.37037,1.37055,1.50,1.75
2016.10.05 09:13:02.168,1.37037,1.37055,1.87,1.50
2016.10.05 09:13:02.352,1.37037,1.37055,1.87,1.50
2016.10.05 09:13:02.403,1.37039,1.37055,1.00,1.50
2016.10.05 09:13:02.454,1.37039,1.37055,1.00,1.50
2016.10.05 09:13:02.505,1.37041,1.37055,1.00,1.00
2016.10.05 09:13:02.556,1.37041,1.37061,1.50,1.75
2016.10.05 09:13:02.736,1.37042,1.37061,1.00,1.50
2016.10.05 09:13:05.585,1.37042,1.37061,1.00,1.50
2016.10.05 09:13:05.636,1.37042,1.3706,1.00,1.12
2016.10.05 09:13:05.889,1.37042,1.3706,1.00,1.12
2016.10.05 09:13:05.940,1.37039,1.37057,1.87,1.00
2016.10.05 09:13:06.103,1.37039,1.37055,1.12,1.00
2016.10.05 09:13:06.154,1.37039,1.37053,1.00,1.00
2016.10.05 09:13:06.368,1.37035,1.37053,2.25,1.00
2016.10.05 09:13:07.145,1.37035,1.37053,1.50,1.00
2016.10.05 09:13:08.112,1.37035,1.37053,2.25,1.00
2016.10.05 09:13:08.554,1.37036,1.37054,1.12,1.00
2016.10.05 09:13:08.700,1.37036,1.37054,1.12,1.00
2016.10.05 09:13:11.075,1.37036,1.37054,1.00,1.12
2016.10.05 09:13:12.083,1.37036,1.37054,1.00,1.12
2016.10.05 09:13:12.413,1.37033,1.37052,2.25,1.00
2016.10.05 09:13:12.615,1.37033,1.37052,2.25,1.50
2016.10.05 09:13:13.552,1.37033,1.37052,1.50,1.50
2016.10.05 09:13:13.603,1.37033,1.37052,1.50,1.50
2016.10.05 09:13:13.755,1.37033,1.37051,1.50,1.12
2016.10.05 09:13:13.944,1.37031,1.37051,2.25,1.50
2016.10.05 09:13:14.018,1.37031,1.37049,2.25,1.00
2016.10.05 09:13:14.119,1.37031,1.37049,2.25,1.50
2016.10.05 09:13:14.170,1.37031,1.37049,1.00,1.87
2016.10.05 09:13:14.303,1.37031,1.37049,1.00,1.87
2016.10.05 09:13:14.407,1.37031,1.37049,1.00,1.12
2016.10.05 09:13:14.959,1.3703,1.37048,1.12,1.00
2016.10.05 09:13:16.475,1.3703,1.37048,1.87,1.00
2016.10.05 09:13:17.043,1.3703,1.37048,2.62,1.00
2016.10.05 09:13:17.680,1.3703,1.37048,1.87,1.00
2016.10.05 09:13:19.037,1.3703,1.37048,2.62,1.00
2016.10.05 09:13:20.285,1.3703,1.37048,1.87,1.00
2016.10.05 09:13:23.039,1.3703,1.37048,1.12,1.00
2016.10.05 09:13:26.595,1.3703,1.37048,1.12,1.00
2016.10.05 09:13:26.797,1.3703,1.37048,1.12,1.50
2016.10.05 09:13:26.848,1.3703,1.37046,1.12,1.00
2016.10.05 09:13:27.063,1.37028,1.37046,2.25,1.50
2016.10.05 09:13:27.115,1.37028,1.37046,1.12,1.00
2016.10.05 09:13:27.398,1.37028,1.37046,1.12,1.00
2016.10.05 09:13:30.168,1.37028,1.37046,1.87,1.00
2016.10.05 09:13:30.663,1.37028,1.37046,1.87,1.00
2016.10.05 09:13:30.714,1.37029,1.37049,1.00,2.25
2016.10.05 09:13:34.066,1.37029,1.37049,1.00,2.25
2016.10.05 09:13:37.177,1.37029,1.37049,1.00,2.25
2016.10.05 09:13:37.649,1.37029,1.37049,1.00,1.75
2016.10.05 09:13:37.835,1.37029,1.37049,1.00,1.75
2016.10.05 09:13:37.886,1.37029,1.37049,1.00,2.25
2016.10.05 09:13:38.254,1.37029,1.37049,1.00,3.00
2016.10.05 09:13:38.355,1.37029,1.37047,1.00,1.12
2016.10.05 09:13:38.595,1.37028,1.37046,1.12,1.00
2016.10.05 09:13:38.646,1.37028,1.37046,1.12,1.00
2016.10.05 09:13:38.784,1.37028,1.37046,1.12,1.50
2016.10.05 09:13:38.888,1.37028,1.37046,1.12,2.25
2016.10.05 09:13:39.694,1.37028,1.37046,1.12,1.50
2016.10.05 09:13:39.978,1.37028,1.37046,1.12,1.50
2016.10.05 09:13:41.876,1.37028,1.37046,1.12,1.50
2016.10.05 09:13:42.584,1.37028,1.37046,1.12,1.50
2016.10.05 09:13:42.975,1.37028,1.37046,1.12,1.50
2016.10.05 09:13:43.077,1.37028,1.37046,1.00,1.50
2016.10.05 09:13:43.804,1.37027,1.37045,1.00,1.12
2016.10.05 09:13:43.855,1.37027,1.37045,1.00,1.12
2016.10.05 09:13:46.551,1.37027,1.37045,1.00,1.12
2016.10.05 09:13:55.970,1.37027,1.37045,1.00,1.12
2016.10.05 09:13:59.082,1.37027,1.37045,1.00,1.12
2016.10.05 09:14:08.694,1.37025,1.37045,1.50,1.12
2016.10.05 09:14:08.745,1.37025,1.37045,1.50,1.12
2016.10.05 09:14:09.129,1.37026,1.37045,1.12,1.12
2016.10.05 09:14:09.231,1.37026,1.37045,1.12,1.12
2016.10.05 09:14:09.281,1.37026,1.37045,1.12,1.12
2016.10.05 09:14:09.332,1.37026,1.37045,1.12,1.12
2016.10.05 09:14:10.297,1.37026,1.37045,1.12,1.12
2016.10.05 09:14:10.348,1.37025,1.37045,2.25,1.12
2016.10.05 09:14:10.449,1.37025,1.37045,3.00,1.12
2016.10.05 09:14:11.044,1.37025,1.37045,2.25,1.12
2016.10.05 09:14:13.886,1.37026,1.37046,1.12,1.50
2016.10.05 09:14:13.936,1.37026,1.37046,1.12,1.50
2016.10.05 09:14:18.634,1.37026,1.37046,1.12,1.50
2016.10.05 09:14:18.866,1.37026,1.37046,1.12,1.50
2016.10.05 09:14:18.917,1.37026,1.37046,1.87,1.50
2016.10.05 09:14:19.069,1.37026,1.37046,1.87,1.50
2016.10.05 09:14:19.170,1.37026,1.37046,1.87,1.50
2016.10.05 09:14:19.272,1.37026,1.37046,1.87,1.50
2016.10.05 09:14:20.870,1.37026,1.37046,1.12,2.25
2016.10.05 09:14:29.901,1.37026,1.37046,1.12,1.50
2016.10.05 09:14:33.788,1.37026,1.37046,1.87,1.50
2016.10.05 09:14:35.220,1.37026,1.37046,1.12,1.50
2016.10.05 09:14:35.321,1.37026,1.37046,1.87,1.50
2016.10.05 09:14:35.695,1.37027,1.37046,1.00,1.50
2016.10.05 09:14:35.832,1.37026,1.37046,1.87,1.50
2016.10.05 09:14:35.883,1.37026,1.37046,1.87,1.50
2016.10.05 09:14:37.079,1.37026,1.37046,1.87,1.50
2016.10.05 09:14:37.668,1.37026,1.37046,2.62,1.50
2016.10.05 09:14:37.718,1.37028,1.37046,1.00,1.50
2016.10.05 09:14:38.030,1.37026,1.37046,2.62,1.50
2016.10.05 09:14:38.174,1.37026,1.37046,3.00,1.75
2016.10.05 09:14:38.225,1.37026,1.37046,3.00,1.75
2016.10.05 09:14:38.913,1.37026,1.37046,2.25,1.75
2016.10.05 09:14:39.418,1.37027,1.37046,1.12,1.75
2016.10.05 09:14:39.835,1.37026,1.37046,2.25,1.75
2016.10.05 09:14:39.983,1.37026,1.37046,3.00,1.75
2016.10.05 09:14:40.920,1.37027,1.37046,1.12,1.75
2016.10.05 09:14:41.022,1.37026,1.37046,3.00,1.75
2016.10.05 09:14:42.243,1.37028,1.37046,1.00,1.75
2016.10.05 09:14:42.294,1.37028,1.37046,1.00,1.12
2016.10.05 09:14:42.896,1.37027,1.37046,1.12,1.12
2016.10.05 09:14:43.148,1.37027,1.37046,1.87,1.12
2016.10.05 09:14:43.198,1.37028,1.37046,1.00,1.12
2016.10.05 09:14:43.416,1.37028,1.37046,1.50,1.12
2016.10.05 09:14:43.958,1.37029,1.37047,1.00,1.50
2016.10.05 09:14:44.009,1.37029,1.37047,1.00,1.50
2016.10.05 09:14:46.408,1.37029,1.37047,1.00,1.50
2016.10.05 09:14:46.510,1.37032,1.3705,1.50,1.87
2016.10.05 09:14:46.612,1.37034,1.3705,1.00,1.87
2016.10.05 09:14:46.802,1.37034,1.3705,1.50,1.00
2016.10.05 09:14:46.853,1.37035,1.37052,1.00,1.87
2016.10.05 09:14:46.954,1.37035,1.37052,1.00,1.75
2016.10.05 09:14:47.005,1.37034,1.37052,1.50,1.12
2016.10.05 09:14:47.647,1.37034,1.37052,1.50,1.12
2016.10.05 09:14:47.706,1.37035,1.37052,1.00,1.12
2016.10.05 09:14:48.544,1.37034,1.37052,1.00,1.12
2016.10.05 09:14:49.712,1.37035,1.37052,1.00,1.12
2016.10.05 09:14:50.641,1.37036,1.37052,1.00,1.12
2016.10.05 09:14:59.152,1.37034,1.37052,1.50,1.12
2016.10.05 09:14:59.203,1.37034,1.37052,1.00,1.12
2016.10.05 09:14:59.580,1.37034,1.37052,1.00,1.12
2016.10.05 09:14:59.632,1.37032,1.3705,1.50,1.12
2016.10.05 09:14:59.792,1.37032,1.3705,1.12,1.50
2016.10.05 09:14:59.843,1.3703,1.37046,1.75,1.00
2016.10.05 09:14:59.894,1.37028,1.37046,1.87,1.00
2016.10.05 09:14:59.945,1.37028,1.37048,1.87,1.87
2016.10.05 09:14:59.996,1.37028,1.37048,1.87,2.25
2016.10.05 09:15:00.047,1.37028,1.37047,1.50,1.50
2016.10.05 09:15:00.098,1.37028,1.37047,1.00,1.50
2016.10.05 09:15:00.148,1.37028,1.37048,1.00,1.75
2016.10.05 09:15:05.484,1.37028,1.37048,1.50,1.75
2016.10.05 09:15:05.877,1.37028,1.37048,1.00,1.75
2016.10.05 09:15:08.732,1.3703,1.37048,1.00,1.75
2016.10.05 09:15:09.244,1.37031,1.37048,1.00,1.75
2016.10.05 09:15:09.345,1.3703,1.37048,1.00,1.50
2016.10.05 09:15:13.644,1.37031,1.37048,1.00,1.12
2016.10.05 09:15:13.746,1.3703,1.37048,1.00,1.12
2016.10.05 09:15:13.948,1.3703,1.37048,1.00,1.75
2016.10.05 09:15:17.229,1.3703,1.37048,1.50,1.75
2016.10.05 09:15:19.504,1.3703,1.37048,1.00,1.75
2016.10.05 09:15:20.905,1.3703,1.37048,1.00,1.75
2016.10.05 09:15:21.433,1.3703,1.37048,1.00,1.75
2016.10.05 09:15:29.092,1.37029,1.37047,1.12,1.50
2016.10.05 09:15:31.194,1.37029,1.37047,1.87,1.50
2016.10.05 09:15:31.735,1.37031,1.37049,1.00,1.75
2016.10.05 09:15:31.786,1.37031,1.37049,1.00,1.75
2016.10.05 09:15:31.966,1.37031,1.37049,1.50,1.75
2016.10.05 09:15:32.070,1.37033,1.37049,1.00,1.75
2016.10.05 09:15:32.222,1.37033,1.37049,1.00,1.50
2016.10.05 09:15:32.273,1.37032,1.37049,1.00,1.50
2016.10.05 09:15:32.425,1.37032,1.37049,1.12,1.12
2016.10.05 09:15:32.476,1.37031,1.37049,3.75,1.12
2016.10.05 09:15:32.527,1.37033,1.37049,1.00,1.12
2016.10.05 09:15:32.802,1.37033,1.3705,1.00,1.50
2016.10.05 09:15:33.242,1.37035,1.3705,1.00,1.50
2016.10.05 09:15:33.344,1.37033,1.3705,1.00,1.50
2016.10.05 09:15:33.394,1.37033,1.3705,1.00,1.00
2016.10.05 09:15:33.857,1.37034,1.3705,1.00,1.00
2016.10.05 09:15:34.955,1.37035,1.3705,1.00,1.00
2016.10.05 09:15:36.334,1.37033,1.3705,1.00,1.00
2016.10.05 09:15:36.537,1.37034,1.3705,1.00,1.00
2016.10.05 09:15:37.235,1.37033,1.3705,1.00,1.00
2016.10.05 09:15:37.682,1.37033,1.3705,1.00,1.00
2016.10.05 09:15:37.837,1.37032,1.3705,1.87,1.00
2016.10.05 09:15:38.037,1.37032,1.3705,1.12,1.00
2016.10.05 09:15:38.234,1.37032,1.3705,1.12,1.00
2016.10.05 09:15:38.285,1.37032,1.3705,1.50,1.12
2016.10.05 09:15:39.147,1.37032,1.3705,1.00,1.12
2016.10.05 09:15:39.942,1.37032,1.3705,1.50,1.12
2016.10.05 09:15:41.024,1.37032,1.3705,1.50,1.12
2016.10.05 09:15:41.074,1.37032,1.3705,1.00,1.12
2016.10.05 09:15:41.489,1.37032,1.3705,1.00,1.50
2016.10.05 09:15:45.728,1.37032,1.3705,1.00,3.00
2016.10.05 09:15:45.779,1.37026,1.37044,1.12,1.00
2016.10.05 09:15:45.831,1.37024,1.37044,4.12,1.00
2016.10.05 09:15:45.882,1.37024,1.37044,3.00,1.00
2016.10.05 09:15:45.933,1.37024,1.37044,3.00,1.00
2016.10.05 09:15:46.035,1.37024,1.37044,2.25,1.00
2016.10.05 09:15:46.239,1.37025,1.37044,1.50,1.00
2016.10.05 09:15:46.291,1.37027,1.37046,1.50,1.50
2016.10.05 09:15:46.342,1.37027,1.37047,1.50,1.75
2016.10.05 09:15:46.494,1.37027,1.37047,1.00,1.75
2016.10.05 09:15:46.862,1.37027,1.37047,1.00,1.75
2016.10.05 09:15:46.913,1.37027,1.37047,1.00,1.75
2016.10.05 09:15:47.209,1.37027,1.37047,1.00,1.75
2016.10.05 09:15:47.445,1.37027,1.37047,1.50,1.75
2016.10.05 09:15:47.496,1.37027,1.37047,2.25,1.75
2016.10.05 09:15:47.547,1.37027,1.37047,2.25,1.75
2016.10.05 09:15:47.931,1.37028,1.37047,1.12,1.75
2016.10.05 09:15:48.539,1.37028,1.37047,1.12,1.75
2016.10.05 09:15:48.590,1.37029,1.37047,1.00,1.75
2016.10.05 09:15:48.641,1.37029,1.37047,1.00,1.75
2016.10.05 09:15:48.692,1.37029,1.37047,1.00,1.12
2016.10.05 09:15:49.346,1.37029,1.37047,1.00,1.12
2016.10.05 09:15:49.870,1.37028,1.37047,1.12,1.12
2016.10.05 09:15:50.613,1.3703,1.37048,1.00,1.50
2016.10.05 09:15:50.663,1.3703,1.37048,1.00,1.50
2016.10.05 09:15:53.109,1.3703,1.37048,1.00,1.12
2016.10.05 09:15:54.413,1.3703,1.37048,1.50,1.12
2016.10.05 09:15:56.324,1.3703,1.37048,1.00,1.12
2016.10.05 09:15:56.426,1.3703,1.37048,1.50,1.12
2016.10.05 09:15:56.644,1.3703,1.37048,1.00,1.12
2016.10.05 09:15:56.695,1.3703,1.37048,1.50,1.12
2016.10.05 09:15:58.298,1.37031,1.37048,1.00,1.12
2016.10.05 09:15:58.400,1.3703,1.37048,1.50,1.12
2016.10.05 09:15:58.742,1.3703,1.37048,1.87,1.00
2016.10.05 09:15:59.146,1.3703,1.3705,1.87,1.50
2016.10.05 09:16:04.328,1.3703,1.3705,1.12,1.50
2016.10.05 09:16:05.795,1.3703,1.3705,1.12,1.50
2016.10.05 09:16:06.333,1.3703,1.3705,1.87,1.50
2016.10.05 09:16:06.434,1.37031,1.3705,1.00,1.50
2016.10.05 09:16:06.485,1.37031,1.3705,1.00,1.50
2016.10.05 09:16:08.278,1.3703,1.3705,1.87,1.50
2016.10.05 09:16:09.108,1.3703,1.3705,1.87,1.50
2016.10.05 09:16:09.158,1.3703,1.3705,1.87,1.50
2016.10.05 09:16:09.260,1.3703,1.3705,1.87,1.50
2016.10.05 09:16:13.939,1.3703,1.3705,1.12,1.50
2016.10.05 09:16:14.242,1.3703,1.3705,1.12,2.25
2016.10.05 09:16:15.111,1.3703,1.3705,1.12,1.75
2016.10.05 09:16:15.326,1.3703,1.3705,1.12,2.25
2016.10.05 09:16:15.377,1.3703,1.3705,1.12,2.25
2016.10.05 09:16:16.393,1.3703,1.37049,1.12,1.75
2016.10.05 09:16:16.495,1.3703,1.37049,1.12,1.75
2016.10.05 09:16:16.573,1.3703,1.37049,1.12,1.75
2016.10.05 09:16:17.658,1.3703,1.37049,1.00,1.75
2016.10.05 09:16:18.323,1.3703,1.37048,1.00,1.75
2016.10.05 09:16:18.700,1.3703,1.37048,1.00,1.75
2016.10.05 09:16:19.290,1.3703,1.37049,1.00,1.75
2016.10.05 09:16:19.990,1.3703,1.37049,1.00,2.25
2016.10.05 09:16:21.540,1.3703,1.37049,1.00,1.75
2016.10.05 09:16:21.590,1.3703,1.3705,1.00,2.25
2016.10.05 09:16:23.886,1.3703,1.3705,1.00,2.25
2016.10.05 09:16:23.950,1.37028,1.37048,1.50,1.75
2016.10.05 09:16:24.455,1.37027,1.37047,2.25,1.50
2016.10.05 09:16:24.506,1.37027,1.37047,2.25,1.50
2016.10.05 09:16:25.312,1.37027,1.37047,2.25,1.75
2016.10.05 09:16:25.832,1.37027,1.37047,2.25,1.75
2016.10.05 09:16:26.228,1.37027,1.37047,1.50,1.75
2016.10.05 09:16:28.107,1.37027,1.37045,1.50,1.12
2016.10.05 09:16:28.215,1.37027,1.37045,1.50,1.12
2016.10.05 09:16:28.368,1.37027,1.37045,2.25,1.12
2016.10.05 09:16:28.469,1.37027,1.37045,1.50,1.12
2016.10.05 09:16:28.939,1.37027,1.37045,2.25,1.12
2016.10.05 09:16:29.141,1.37027,1.37045,1.50,1.12
2016.10.05 09:16:29.192,1.37029,1.37047,1.00,1.75
2016.10.05 09:16:29.375,1.37029,1.37047,1.00,1.75
2016.10.05 09:16:30.200,1.37029,1.37047,1.00,1.75
2016.10.05 09:16:38.960,1.37029,1.37047,1.00,1.75
2016.10.05 09:16:39.011,1.37028,1.37046,1.12,1.50
2016.10.05 09:16:39.161,1.37028,1.37046,1.87,1.50
2016.10.05 09:16:39.353,1.37028,1.37046,1.12,1.50
2016.10.05 09:16:39.656,1.37028,1.37046,1.50,1.12
2016.10.05 09:16:41.250,1.37028,1.37046,1.50,1.12
2016.10.05 09:16:41.300,1.37029,1.37046,1.12,1.12
2016.10.05 09:16:43.311,1.37028,1.37046,1.50,1.12
2016.10.05 09:16:43.959,1.37028,1.37046,2.25,1.12
2016.10.05 09:16:44.209,1.37031,1.37046,1.00,1.00
2016.10.05 09:16:44.259,1.37031,1.37049,1.00,1.50
2016.10.05 09:16:44.878,1.37032,1.37049,1.00,1.50
2016.10.05 09:16:45.064,1.3703,1.37049,1.00,1.50
2016.10.05 09:16:45.226,1.37031,1.37049,1.00,1.50
2016.10.05 09:16:46.065,1.37032,1.37049,1.00,1.50
2016.10.05 09:16:53.051,1.37032,1.37052,1.50,1.75
2016.10.05 09:16:53.102,1.37032,1.37052,1.87,1.75
2016.10.05 09:16:53.327,1.37032,1.37052,1.87,1.75
2016.10.05 09:16:53.378,1.37032,1.37052,1.12,1.75
2016.10.05 09:16:53.428,1.37032,1.37052,1.00,1.75
2016.10.05 09:16:53.479,1.37032,1.37052,1.00,2.25
2016.10.05 09:16:54.043,1.37031,1.37051,1.87,1.75
2016.10.05 09:16:54.094,1.37032,1.37051,1.00,1.75
2016.10.05 09:16:55.364,1.37031,1.37051,1.87,1.75
2016.10.05 09:16:55.416,1.37033,1.37051,1.00,1.75
2016.10.05 09:16:55.470,1.37033,1.37051,1.00,1.75
2016.10.05 09:16:55.622,1.37033,1.37051,1.00,1.75
2016.10.05 09:16:56.054,1.37033,1.37051,1.00,1.75
2016.10.05 09:16:56.452,1.37033,1.37051,1.00,1.75
2016.10.05 09:16:56.601,1.37033,1.37051,1.00,1.75
2016.10.05 09:16:57.690,1.37032,1.37051,1.00,1.75
2016.10.05 09:16:57.741,1.37032,1.37051,1.00,1.75
2016.10.05 09:16:58.187,1.37031,1.37051,1.12,1.75
2016.10.05 09:16:58.541,1.37031,1.37051,1.12,1.75
2016.10.05 09:16:58.654,1.37031,1.37051,1.12,1.75
2016.10.05 09:16:58.855,1.37031,1.37051,1.87,1.75
2016.10.05 09:16:58.906,1.37031,1.37051,1.12,1.75
2016.10.05 09:16:59.217,1.37031,1.37049,1.12,1.50
2016.10.05 09:16:59.318,1.37031,1.37049,1.87,1.50
2016.10.05 09:17:00.095,1.37031,1.37049,1.50,1.75
2016.10.05 09:17:00.332,1.37031,1.37049,1.00,1.75
2016.10.05 09:17:00.434,1.3703,1.37048,1.00,2.25
2016.10.05 09:17:00.485,1.3703,1.37048,1.00,2.25
2016.10.05 09:17:00.536,1.3703,1.37047,1.00,1.75
2016.10.05 09:17:01.108,1.3703,1.37048,1.00,1.75
2016.10.05 09:17:01.159,1.3703,1.37048,1.00,1.75
2016.10.05 09:17:01.525,1.37029,1.37047,1.00,1.75
2016.10.05 09:17:01.576,1.37029,1.37047,1.00,1.75
2016.10.05 09:17:01.627,1.37028,1.37046,1.12,1.50
2016.10.05 09:17:01.816,1.37028,1.37046,1.00,1.75
2016.10.05 09:17:03.206,1.37028,1.37046,1.00,1.75
2016.10.05 09:17:06.353,1.37028,1.37046,1.00,1.75
2016.10.05 09:17:09.029,1.37028,1.37048,1.00,1.75
2016.10.05 09:17:12.051,1.3703,1.37048,1.00,1.75
2016.10.05 09:17:12.102,1.3703,1.37048,1.00,1.75
2016.10.05 09:17:12.254,1.37031,1.37049,1.00,1.75
2016.10.05 09:17:12.305,1.37031,1.37049,1.00,1.75
2016.10.05 09:17:12.965,1.37031,1.37049,1.00,1.75
2016.10.05 09:17:13.016,1.37031,1.37049,1.00,1.75
2016.10.05 09:17:13.168,1.37031,1.37049,1.00,1.75
2016.10.05 09:17:13.269,1.37031,1.37049,1.00,1.75
2016.10.05 09:17:15.511,1.37031,1.37049,1.00,1.75
2016.10.05 09:17:16.105,1.37031,1.37049,1.00,1.75
2016.10.05 09:17:16.625,1.37031,1.37049,1.00,1.50
2016.10.05 09:17:18.155,1.37031,1.37049,1.50,1.50
2016.10.05 09:17:19.320,1.37031,1.37049,1.00,1.50
2016.10.05 09:17:20.162,1.37031,1.37049,1.50,1.50
2016.10.05 09:17:20.264,1.37031,1.37049,1.00,1.50
2016.10.05 09:17:24.055,1.3703,1.37048,1.50,1.12
2016.10.05 09:17:25.066,1.3703,1.37048,1.00,1.12
2016.10.05 09:17:32.171,1.37031,1.37048,1.00,1.12
2016.10.05 09:17:32.387,1.37031,1.37048,1.00,1.12
2016.10.05 09:17:32.438,1.37033,1.37051,1.50,1.12
2016.10.05 09:17:32.489,1.37036,1.37051,1.00,1.12
2016.10.05 09:17:32.691,1.37036,1.37053,1.00,1.50
2016.10.05 09:17:33.391,1.37035,1.37053,1.50,1.50
2016.10.05 09:17:35.279,1.37035,1.37053,1.00,1.50
2016.10.05 09:17:36.266,1.37035,1.37053,1.50,1.50
2016.10.05 09:17:36.609,1.37035,1.37053,1.00,1.50
2016.10.05 09:17:37.615,1.37035,1.37053,1.50,1.50
2016.10.05 09:17:39.520,1.37035,1.37053,1.12,1.00
2016.10.05 09:17:39.622,1.37035,1.37053,1.00,1.12
2016.10.05 09:17:40.020,1.37035,1.37053,1.00,1.50
2016.10.05 09:17:41.040,1.37035,1.37053,1.00,2.25
2016.10.05 09:17:41.457,1.37033,1.37051,1.12,1.00
2016.10.05 09:17:41.519,1.37033,1.37051,1.12,1.00
2016.10.05 09:17:42.216,1.37032,1.37051,1.50,1.00
2016.10.05 09:17:42.488,1.37032,1.37051,1.50,1.00
2016.10.05 09:17:44.286,1.37032,1.37052,2.25,1.87
2016.10.05 09:17:44.349,1.37032,1.37052,2.25,1.87
2016.10.05 09:17:45.967,1.37032,1.37052,1.87,2.25
2016.10.05 09:17:47.884,1.37032,1.37052,1.12,2.25
2016.10.05 09:17:48.284,1.37032,1.37052,1.12,2.25
2016.10.05 09:17:49.368,1.37032,1.37052,1.12,2.25
2016.10.05 09:17:51.389,1.37033,1.37052,1.00,2.25
2016.10.05 09:17:51.490,1.37032,1.37052,1.12,2.25
2016.10.05 09:17:54.079,1.37032,1.37052,1.12,2.25
2016.10.05 09:17:54.130,1.37031,1.37051,2.25,1.75
2016.10.05 09:17:55.165,1.37031,1.37051,2.25,1.75
2016.10.05 09:17:55.216,1.37033,1.37051,1.00,1.75
2016.10.05 09:17:55.471,1.37035,1.37051,1.00,1.00
2016.10.05 09:17:55.522,1.37034,1.3705,1.00,1.00
2016.10.05 09:17:56.388,1.37034,1.37051,1.00,1.00
2016.10.05 09:17:56.439,1.37032,1.37051,2.25,1.00
2016.10.05 09:17:56.540,1.37033,1.3705,1.12,1.00
2016.10.05 09:17:58.069,1.37033,1.37051,1.12,1.00
2016.10.05 09:17:58.119,1.37034,1.37051,1.00,1.00
2016.10.05 09:17:59.703,1.37034,1.37051,1.50,1.00
2016.10.05 09:18:01.086,1.37034,1.37053,1.50,1.50
2016.10.05 09:18:01.137,1.37035,1.37053,1.00,1.50
2016.10.05 09:18:01.188,1.37035,1.37053,1.00,1.12
2016.10.05 09:18:01.239,1.37035,1.37053,1.00,1.12
2016.10.05 09:18:01.588,1.37035,1.37053,1.00,1.12
2016.10.05 09:18:01.899,1.37035,1.37053,1.00,1.12
2016.10.05 09:18:01.950,1.37034,1.37053,1.87,1.12
2016.10.05 09:18:02.018,1.37035,1.37053,1.00,1.12
2016.10.05 09:18:03.244,1.37038,1.37053,1.00,1.12
2016.10.05 09:18:06.195,1.37039,1.37053,1.00,1.12
2016.10.05 09:18:18.000,1.37039,1.37053,1.00,1.00
2016.10.05 09:18:24.220,1.37038,1.37055,1.00,1.12
2016.10.05 09:18:29.379,1.37038,1.37055,1.00,1.87
2016.10.05 09:18:34.571,1.37037,1.37055,1.50,1.87
2016.10.05 09:18:34.913,1.37037,1.37055,2.25,1.50
2016.10.05 09:18:35.014,1.37037,1.37055,3.00,1.00
2016.10.05 09:18:38.925,1.37037,1.37055,1.12,1.50
2016.10.05 09:18:38.993,1.37037,1.37055,1.12,1.50
2016.10.05 09:18:39.217,1.37037,1.37055,1.12,1.50
2016.10.05 09:18:39.516,1.37037,1.37055,1.12,1.50
2016.10.05 09:18:39.810,1.37037,1.37053,1.12,1.00
2016.10.05 09:18:45.257,1.37037,1.37053,1.00,1.00
2016.10.05 09:18:45.410,1.37037,1.37053,1.00,1.50
2016.10.05 09:18:46.136,1.37037,1.37051,1.00,1.00
2016.10.05 09:18:48.241,1.37037,1.37054,1.00,2.25
2016.10.05 09:18:48.583,1.37039,1.37054,1.00,2.25
2016.10.05 09:18:48.880,1.37039,1.37054,1.00,1.75
2016.10.05 09:18:49.101,1.37039,1.37054,1.50,1.00
2016.10.05 09:18:49.151,1.37039,1.37055,2.25,1.00
2016.10.05 09:18:49.202,1.3704,1.37055,1.12,1.00
2016.10.05 09:18:49.253,1.3704,1.37055,2.25,1.00
2016.10.05 09:18:49.304,1.37043,1.37055,1.12,1.00
2016.10.05 09:18:49.355,1.37043,1.37055,1.00,1.00
2016.10.05 09:18:49.406,1.37043,1.37058,1.00,1.00
2016.10.05 09:18:49.457,1.37043,1.37058,1.12,1.00
2016.10.05 09:18:49.978,1.37043,1.37058,1.50,1.00
2016.10.05 09:18:50.130,1.37044,1.37058,1.12,1.00
2016.10.05 09:18:50.181,1.37046,1.37058,1.00,1.00
2016.10.05 09:18:50.352,1.37046,1.37061,1.00,1.00
2016.10.05 09:18:54.373,1.37046,1.37062,1.00,1.00
2016.10.05 09:18:54.424,1.37046,1.37062,1.00,1.00
2016.10.05 09:18:57.300,1.37047,1.37062,1.00,1.00
2016.10.05 09:18:57.355,1.37047,1.37064,1.00,1.00
2016.10.05 09:18:57.558,1.37047,1.37064,1.00,1.00
2016.10.05 09:18:57.788,1.37047,1.37064,1.12,1.00
2016.10.05 09:18:58.572,1.37047,1.37065,1.12,1.00
2016.10.05 09:18:59.429,1.37047,1.37066,1.12,2.25
2016.10.05 09:18:59.665,1.37047,1.37066,1.12,1.50
2016.10.05 09:18:59.825,1.37047,1.37066,1.12,1.00
2016.10.05 09:19:00.608,1.37047,1.37063,1.12,1.00
2016.10.05 09:19:00.659,1.37046,1.37063,2.25,1.00
2016.10.05 09:19:00.896,1.37047,1.37063,1.12,1.00
2016.10.05 09:19:01.854,1.37047,1.37064,1.12,1.00
2016.10.05 09:19:01.994,1.37047,1.37064,1.12,1.00
2016.10.05 09:19:02.450,1.37047,1.37064,1.12,1.00
2016.10.05 09:19:03.698,1.37047,1.37064,1.12,1.00
2016.10.05 09:19:04.420,1.37047,1.37064,1.12,1.00
2016.10.05 09:19:04.522,1.37047,1.37064,1.12,1.00
2016.10.05 09:19:05.897,1.37046,1.37064,2.25,1.00
2016.10.05 09:19:05.948,1.37046,1.37063,2.25,1.00
2016.10.05 09:19:06.049,1.37044,1.37063,2.25,1.50
2016.10.05 09:19:06.100,1.37045,1.37063,1.75,1.50
2016.10.05 09:19:07.131,1.37045,1.37061,1.75,1.00
2016.10.05 09:19:16.167,1.37045,1.37061,2.25,1.00
2016.10.05 09:19:16.249,1.37045,1.37061,1.75,1.00
2016.10.05 09:19:16.351,1.37045,1.37064,1.75,1.50
2016.10.05 09:19:17.529,1.37045,1.37061,1.75,1.00
2016.10.05 09:19:18.376,1.37045,1.37061,1.75,1.00
2016.10.05 09:19:22.365,1.37044,1.37061,1.75,1.00
2016.10.05 09:19:23.475,1.37044,1.37063,1.75,1.00
2016.10.05 09:19:36.871,1.37046,1.37063,1.50,1.00
2016.10.05 09:19:39.626,1.37046,1.37062,1.50,1.00
2016.10.05 09:19:44.104,1.37046,1.37063,1.50,1.00
2016.10.05 09:19:45.244,1.37044,1.37063,2.25,1.00
2016.10.05 09:19:45.349,1.37044,1.37063,2.25,1.00
2016.10.05 09:19:46.714,1.37044,1.37063,2.25,1.00
2016.10.05 09:19:47.168,1.37044,1.37063,2.25,1.00
2016.10.05 09:19:51.453,1.37044,1.37063,2.25,1.00
2016.10.05 09:19:51.554,1.37044,1.37063,2.25,1.00
2016.10.05 09:19:55.978,1.37044,1.37064,2.25,1.50
2016.10.05 09:19:58.931,1.37044,1.37064,2.25,1.50
2016.10.05 09:20:01.885,1.37044,1.37064,2.25,1.50
2016.10.05 09:20:02.102,1.37044,1.37064,2.25,1.50
2016.10.05 09:20:04.595,1.37044,1.37064,2.25,1.50
2016.10.05 09:20:06.293,1.37044,1.37064,2.25,1.50
2016.10.05 09:20:09.503,1.37044,1.37064,1.75,1.00
2016.10.05 09:20:12.619,1.37044,1.37064,1.75,1.00
2016.10.05 09:20:13.421,1.37044,1.37064,1.75,1.00
2016.10.05 09:20:14.122,1.37045,1.37063,1.75,1.00
2016.10.05 09:20:18.353,1.37045,1.37063,1.75,1.00
2016.10.05 09:20:23.880,1.37045,1.37063,2.25,1.50
2016.10.05 09:20:24.352,1.37045,1.37063,2.25,1.50
2016.10.05 09:20:24.402,1.37045,1.37063,1.75,1.50
2016.10.05 09:20:28.850,1.37045,1.37063,1.75,1.50
2016.10.05 09:20:29.811,1.37046,1.37063,1.50,1.50
2016.10.05 09:20:31.414,1.37045,1.37063,2.25,1.50
2016.10.05 09:20:34.098,1.37045,1.37063,2.25,1.50
2016.10.05 09:20:34.302,1.37045,1.37063,1.75,1.50
2016.10.05 09:20:34.432,1.37045,1.37063,1.75,1.50
2016.10.05 09:20:35.302,1.37045,1.37063,1.75,1.50
2016.10.05 09:20:35.353,1.37045,1.37063,1.75,1.50
2016.10.05 09:20:35.403,1.37045,1.37063,1.75,1.50
2016.10.05 09:20:36.076,1.37045,1.37063,1.75,1.50
2016.10.05 09:20:36.396,1.37045,1.37063,1.75,1.50
2016.10.05 09:20:36.795,1.37045,1.37063,1.75,1.50
2016.10.05 09:20:37.101,1.37045,1.37062,1.75,1.00
2016.10.05 09:20:37.391,1.37045,1.37062,1.75,1.00
2016.10.05 09:20:38.104,1.37045,1.37062,1.75,1.00
2016.10.05 09:20:38.229,1.37045,1.37062,1.75,1.00
2016.10.05 09:20:39.084,1.37045,1.37062,1.75,1.00
2016.10.05 09:20:39.786,1.37045,1.37062,1.75,1.00
2016.10.05 09:20:45.498,1.37045,1.37062,1.75,1.00
2016.10.05 09:20:47.515,1.37045,1.37062,1.75,1.00
2016.10.05 09:20:48.625,1.37045,1.37062,1.75,1.00
2016.10.05 09:20:49.843,1.37045,1.37062,1.75,1.00
2016.10.05 09:20:52.048,1.37045,1.37062,1.75,1.00
2016.10.05 09:20:52.784,1.37045,1.37062,1.75,1.00
2016.10.05 09:20:53.763,1.37045,1.37062,1.75,1.00
2016.10.05 09:20:54.868,1.37045,1.37062,1.75,1.00
2016.10.05 09:20:55.419,1.37045,1.37063,1.75,1.00
2016.10.05 09:20:55.723,1.37045,1.37063,1.75,1.00
2016.10.05 09:20:57.174,1.37045,1.37063,1.75,1.00
2016.10.05 09:20:57.978,1.37045,1.37063,2.25,1.00
2016.10.05 09:21:01.407,1.37045,1.37063,2.25,1.00
2016.10.05 09:21:07.695,1.37045,1.37063,2.25,1.00
2016.10.05 09:21:07.760,1.37045,1.37063,2.25,1.50
2016.10.05 09:21:08.561,1.37045,1.37063,2.25,1.50
2016.10.05 09:21:09.498,1.37045,1.37063,2.25,1.50
2016.10.05 09:21:09.554,1.37045,1.37063,2.25,1.00
2016.10.05 09:21:09.618,1.37045,1.37063,2.25,1.50
2016.10.05 09:21:09.854,1.37045,1.37063,1.75,1.50
2016.10.05 09:21:09.905,1.37045,1.37063,1.75,1.50
2016.10.05 09:21:10.468,1.37045,1.37063,1.75,1.00
2016.10.05 09:21:11.380,1.37045,1.37063,1.75,1.00
2016.10.05 09:21:11.867,1.37045,1.37061,1.75,1.00
2016.10.05 09:21:12.626,1.37045,1.37061,1.75,1.00
2016.10.05 09:21:13.118,1.37043,1.3706,1.75,1.00
2016.10.05 09:21:13.283,1.37043,1.3706,1.75,1.00
2016.10.05 09:21:14.333,1.37043,1.37061,1.75,1.50
2016.10.05 09:21:14.705,1.37043,1.37061,1.75,1.50
2016.10.05 09:21:14.806,1.37043,1.37061,1.75,1.50
2016.10.05 09:21:14.979,1.3704,1.37057,1.75,1.00
2016.10.05 09:21:15.030,1.3704,1.37057,1.50,1.00
2016.10.05 09:21:15.189,1.3704,1.37057,1.75,1.00
2016.10.05 09:21:15.291,1.3704,1.37055,1.75,1.00
2016.10.05 09:21:15.342,1.37038,1.37055,1.75,1.00
2016.10.05 09:21:15.554,1.37038,1.37055,1.75,1.00
2016.10.05 09:21:15.605,1.37038,1.37055,1.75,1.00
2016.10.05 09:21:16.504,1.37038,1.37056,1.75,1.50
2016.10.05 09:21:18.996,1.37038,1.37056,1.75,1.50
2016.10.05 09:21:23.353,1.37038,1.37056,1.75,1.50
2016.10.05 09:21:23.454,1.37038,1.37056,1.75,1.50
2016.10.05 09:21:24.543,1.37038,1.37056,1.75,1.00
2016.10.05 09:21:29.733,1.37038,1.37056,1.75,1.00
2016.10.05 09:21:30.218,1.37038,1.37055,1.75,1.00
2016.10.05 09:21:31.547,1.37038,1.37055,1.75,1.00
2016.10.05 09:21:31.867,1.37038,1.37055,1.75,1.00
2016.10.05 09:21:37.225,1.37038,1.37055,1.75,1.00
2016.10.05 09:21:38.599,1.37038,1.37053,1.75,1.00
2016.10.05 09:21:39.568,1.37036,1.37053,1.75,1.00
2016.10.05 09:21:41.843,1.37036,1.37053,2.25,1.00
2016.10.05 09:21:42.947,1.37036,1.37054,2.25,1.00
2016.10.05 09:21:45.440,1.37036,1.37053,2.25,1.00
2016.10.05 09:21:48.005,1.37036,1.37053,1.75,1.00
2016.10.05 09:21:48.845,1.37036,1.37053,2.25,1.00
2016.10.05 09:21:48.946,1.37036,1.37053,1.75,1.00
2016.10.05 09:21:49.048,1.37036,1.37053,2.25,1.00
2016.10.05 09:21:50.149,1.37036,1.37053,1.75,1.00
2016.10.05 09:21:52.579,1.37036,1.37053,1.75,1.00
2016.10.05 09:21:52.630,1.37036,1.37053,1.75,1.00
2016.10.05 09:21:52.696,1.37034,1.37053,2.25,1.00
2016.10.05 09:21:53.583,1.37035,1.37053,1.75,1.00
2016.10.05 09:21:54.602,1.37036,1.37053,1.75,1.00
2016.10.05 09:21:54.987,1.37035,1.37053,2.25,1.00
2016.10.05 09:21:55.381,1.37035,1.37053,2.25,1.00
2016.10.05 09:21:56.721,1.37038,1.37053,1.50,1.00
2016.10.05 09:21:57.046,1.37038,1.37051,1.50,1.00
2016.10.05 09:21:59.516,1.37035,1.37051,1.75,1.00
2016.10.05 09:21:59.567,1.37035,1.37051,1.75,1.00
2016.10.05 09:21:59.624,1.37035,1.37051,1.75,1.00
2016.10.05 09:21:59.726,1.37035,1.37051,1.75,1.00
2016.10.05 09:21:59.971,1.37033,1.37051,1.12,1.00
2016.10.05 09:22:00.073,1.37033,1.3705,1.12,1.00
2016.10.05 09:22:00.123,1.37033,1.3705,1.00,1.50
2016.10.05 09:22:00.174,1.37033,1.37047,1.00,1.00
2016.10.05 09:22:00.515,1.37033,1.37045,1.00,1.00
2016.10.05 09:22:00.567,1.37031,1.37045,1.00,1.00
2016.10.05 09:22:00.669,1.37033,1.37049,1.50,1.00
2016.10.05 09:22:00.922,1.3703,1.37049,1.75,1.00
2016.10.05 09:22:02.939,1.3703,1.37049,1.75,1.50
2016.10.05 09:22:04.212,1.3703,1.37049,1.75,1.00
2016.10.05 09:22:04.262,1.3703,1.37049,2.25,1.00
2016.10.05 09:22:04.364,1.3703,1.37049,1.75,1.00
2016.10.05 09:22:04.465,1.3703,1.37049,1.75,2.25
2016.10.05 09:22:05.605,1.3703,1.37048,1.75,1.00
2016.10.05 09:22:05.893,1.3703,1.37049,1.75,1.50
2016.10.05 09:22:06.095,1.3703,1.37049,1.75,2.25
2016.10.05 09:22:10.471,1.3703,1.37047,1.75,1.00
2016.10.05 09:22:13.961,1.3703,1.37045,1.75,1.00
2016.10.05 09:22:14.214,1.3703,1.37045,1.75,1.00
2016.10.05 09:22:15.288,1.3703,1.37045,1.50,1.00
2016.10.05 09:22:15.902,1.37028,1.37045,2.25,1.00
2016.10.05 09:22:16.692,1.37028,1.37045,1.75,1.00
2016.10.05 09:22:17.324,1.37028,1.37045,1.75,1.00
2016.10.05 09:22:18.023,1.37028,1.37045,1.75,1.00
2016.10.05 09:22:18.784,1.37028,1.37046,1.75,1.00
2016.10.05 09:22:19.480,1.37028,1.37046,1.75,1.00
2016.10.05 09:22:21.156,1.37028,1.37047,1.75,1.00
2016.10.05 09:22:24.319,1.37028,1.37048,1.75,1.00
2016.10.05 09:22:24.420,1.37028,1.37048,1.75,1.00
2016.10.05 09:22:24.521,1.37028,1.37048,2.25,1.00
2016.10.05 09:22:24.747,1.37031,1.37049,1.12,1.50
2016.10.05 09:22:25.517,1.37031,1.37049,1.50,1.50
2016.10.05 09:22:27.583,1.37031,1.37049,1.75,1.50
2016.10.05 09:22:29.190,1.37031,1.37048,1.75,1.00
2016.10.05 09:22:31.246,1.37031,1.37048,1.75,1.00
2016.10.05 09:22:31.298,1.37031,1.37049,1.75,2.25
2016.10.05 09:22:31.349,1.37031,1.37049,1.75,2.25
2016.10.05 09:22:33.370,1.37031,1.37049,1.75,1.50
2016.10.05 09:22:33.554,1.37031,1.37049,1.75,1.50
2016.10.05 09:22:34.343,1.37033,1.37049,1.12,1.00
2016.10.05 09:22:34.395,1.37033,1.37052,1.12,1.87
2016.10.05 09:22:34.445,1.37033,1.37052,1.75,1.50
2016.10.05 09:22:34.758,1.37032,1.37052,2.25,1.50
2016.10.05 09:22:34.939,1.37032,1.37052,2.25,1.50
2016.10.05 09:22:36.161,1.37032,1.37052,2.25,1.50
2016.10.05 09:22:36.364,1.37033,1.37052,1.75,1.50
2016.10.05 09:22:37.053,1.37032,1.37052,2.25,1.50
2016.10.05 09:22:38.373,1.37032,1.37052,2.25,1.50
2016.10.05 09:22:38.640,1.37032,1.37052,2.25,1.50
2016.10.05 09:22:38.691,1.37033,1.37052,1.75,1.50
2016.10.05 09:22:39.181,1.37033,1.37052,1.75,1.00
2016.10.05 09:22:39.648,1.37033,1.37052,1.75,1.00
2016.10.05 09:22:39.749,1.37035,1.37053,1.75,1.00
2016.10.05 09:22:51.189,1.37035,1.37053,1.75,1.00
2016.10.05 09:22:51.771,1.37035,1.37052,1.75,1.00
2016.10.05 09:22:52.641,1.37035,1.37053,1.75,1.50
2016.10.05 09:22:52.812,1.37035,1.37053,1.75,1.50
2016.10.05 09:22:52.862,1.37032,1.3705,1.75,1.00
2016.10.05 09:22:54.500,1.37032,1.3705,1.75,1.00
2016.10.05 09:22:54.765,1.3703,1.3705,1.75,1.00
2016.10.05 09:22:55.241,1.3703,1.3705,1.75,1.00
2016.10.05 09:22:55.699,1.3703,1.3705,1.75,1.50
2016.10.05 09:22:56.991,1.3703,1.37048,1.75,1.00
2016.10.05 09:22:57.201,1.3703,1.37048,1.75,1.00
2016.10.05 09:22:58.037,1.3703,1.3705,1.75,3.37
2016.10.05 09:22:58.536,1.3703,1.37049,1.75,1.00
2016.10.05 09:22:58.587,1.3703,1.37049,1.75,1.00
2016.10.05 09:22:59.203,1.3703,1.37048,1.75,1.00
2016.10.05 09:22:59.653,1.3703,1.37048,1.75,1.00
2016.10.05 09:22:59.957,1.3703,1.37048,1.75,1.50
2016.10.05 09:23:00.405,1.3703,1.37048,1.75,1.00
2016.10.05 09:23:02.276,1.3703,1.37048,2.25,1.00
2016.10.05 09:23:02.770,1.3703,1.37048,1.75,1.00
2016.10.05 09:23:05.502,1.3703,1.37048,1.75,1.00
2016.10.05 09:23:06.495,1.3703,1.37048,1.75,1.00
2016.10.05 09:23:07.419,1.3703,1.37048,2.25,1.00
2016.10.05 09:23:07.779,1.3703,1.37048,1.75,1.00
2016.10.05 09:23:07.830,1.3703,1.37048,1.75,1.00
2016.10.05 09:23:07.931,1.3703,1.37048,1.75,1.00
2016.10.05 09:23:08.298,1.3703,1.37048,1.75,1.00
2016.10.05 09:23:09.813,1.37031,1.3705,1.75,1.12
2016.10.05 09:23:10.317,1.37031,1.37051,1.75,3.00
2016.10.05 09:23:11.116,1.37031,1.37051,1.75,2.25
2016.10.05 09:23:11.831,1.37031,1.37051,1.75,2.25
2016.10.05 09:23:14.979,1.37031,1.37049,1.75,1.00
2016.10.05 09:23:15.030,1.37031,1.37049,1.75,1.00
2016.10.05 09:23:17.521,1.37031,1.37049,1.75,1.00
2016.10.05 09:23:17.622,1.37031,1.37049,2.25,1.00
2016.10.05 09:23:17.835,1.37031,1.37049,2.25,1.00
2016.10.05 09:23:17.886,1.37034,1.37052,1.00,1.12
2016.10.05 09:23:18.060,1.37034,1.37052,1.50,1.00
2016.10.05 09:23:18.119,1.37034,1.37052,1.75,1.00
2016.10.05 09:23:18.323,1.37032,1.37052,2.62,1.00
2016.10.05 09:23:18.927,1.37034,1.37052,1.75,1.00
2016.10.05 09:23:19.231,1.37034,1.37052,2.25,1.00
2016.10.05 09:23:19.416,1.37034,1.37052,1.75,1.00
2016.10.05 09:23:20.933,1.37037,1.37055,1.00,1.12
2016.10.05 09:23:21.036,1.37037,1.37055,1.12,1.00
2016.10.05 09:23:24.802,1.37035,1.37055,2.25,1.00
2016.10.05 09:23:26.705,1.37035,1.37055,1.75,1.00
2016.10.05 09:23:26.897,1.37035,1.37055,2.25,1.00
2016.10.05 09:23:28.165,1.37035,1.37055,2.25,1.00
2016.10.05 09:23:28.560,1.37036,1.37056,1.50,1.87
2016.10.05 09:23:39.815,1.37036,1.37055,1.50,1.00
2016.10.05 09:23:39.866,1.37036,1.37055,1.50,1.50
2016.10.05 09:23:39.916,1.37036,1.37055,1.50,1.00
2016.10.05 09:23:40.677,1.37036,1.37055,1.50,1.00
2016.10.05 09:23:40.880,1.37036,1.37055,1.50,1.00
2016.10.05 09:23:43.024,1.37036,1.37055,1.50,1.00
2016.10.05 09:23:43.126,1.37036,1.37054,1.50,1.00
2016.10.05 09:23:46.826,1.37036,1.37055,1.50,1.00
2016.10.05 09:23:46.877,1.37034,1.37054,1.75,1.00
2016.10.05 09:23:46.928,1.37034,1.37054,1.75,1.00
2016.10.05 09:23:47.029,1.37034,1.37054,1.75,1.00
2016.10.05 09:23:47.131,1.37034,1.37054,1.75,1.00
2016.10.05 09:23:47.365,1.37034,1.37054,1.75,1.00
2016.10.05 09:23:47.417,1.37034,1.37054,1.75,1.00
2016.10.05 09:23:47.833,1.37034,1.37054,1.75,1.50
2016.10.05 09:23:48.036,1.37034,1.37054,1.75,1.50
2016.10.05 09:23:48.244,1.37034,1.37054,1.75,2.25
2016.10.05 09:23:48.408,1.37034,1.37054,1.75,2.25
2016.10.05 09:23:48.459,1.37034,1.37054,1.75,1.50
2016.10.05 09:23:49.362,1.37034,1.37054,1.75,1.00
2016.10.05 09:23:55.117,1.37034,1.37054,1.75,1.00
2016.10.05 09:23:55.630,1.37034,1.37054,1.75,1.00
2016.10.05 09:23:55.742,1.37034,1.37054,1.75,1.00
2016.10.05 09:23:56.449,1.37034,1.37054,1.75,1.00
2016.10.05 09:23:56.751,1.37034,1.37054,1.75,1.00
2016.10.05 09:23:56.935,1.37034,1.37054,1.75,1.00
2016.10.05 09:23:56.986,1.37034,1.37054,2.25,1.00
2016.10.05 09:23:57.037,1.37034,1.37054,2.25,1.00
2016.10.05 09:23:57.708,1.37034,1.37054,2.25,1.00
2016.10.05 09:23:57.759,1.37034,1.37054,2.25,1.00
2016.10.05 09:23:57.860,1.37034,1.37054,2.62,1.00
2016.10.05 09:23:57.911,1.37037,1.37057,1.12,3.00
2016.10.05 09:23:57.962,1.37037,1.37057,1.12,2.25
2016.10.05 09:23:58.013,1.37037,1.37057,1.75,1.87
2016.10.05 09:23:58.064,1.37037,1.37057,1.75,1.87
2016.10.05 09:23:58.236,1.37037,1.37057,1.75,1.50
2016.10.05 09:23:58.287,1.37037,1.37057,1.75,1.00
2016.10.05 09:23:58.388,1.37037,1.37057,1.75,1.50
2016.10.05 09:23:58.439,1.37037,1.37057,1.75,1.50
2016.10.05 09:23:58.492,1.37037,1.37056,1.75,1.00
2016.10.05 09:23:58.561,1.37037,1.37057,1.75,1.50
2016.10.05 09:23:59.274,1.37037,1.37057,1.75,2.25
2016.10.05 09:23:59.375,1.37037,1.37056,1.75,1.00
2016.10.05 09:24:00.087,1.37037,1.37057,1.75,1.50
2016.10.05 09:24:00.138,1.37037,1.37057,1.75,1.50
2016.10.05 09:24:00.188,1.37037,1.37057,1.75,2.25
2016.10.05 09:24:01.258,1.37037,1.37057,1.75,2.25
2016.10.05 09:24:02.254,1.37037,1.37057,1.75,2.25
2016.10.05 09:24:03.192,1.37037,1.37056,1.75,1.00
2016.10.05 09:24:03.243,1.37037,1.37056,1.75,1.00
2016.10.05 09:24:05.179,1.37037,1.37057,1.75,1.50
2016.10.05 09:24:06.409,1.37037,1.37056,1.75,1.00
2016.10.05 09:24:06.957,1.37037,1.37057,1.75,1.00
2016.10.05 09:24:07.584,1.37037,1.37057,1.75,1.50
2016.10.05 09:24:10.980,1.37037,1.37057,1.75,2.25
2016.10.05 09:24:11.188,1.37037,1.37057,1.75,1.50
2016.10.05 09:24:12.025,1.37037,1.37056,1.75,1.00
2016.10.05 09:24:13.072,1.37037,1.37056,1.75,1.00
2016.10.05 09:24:13.173,1.37036,1.37054,1.75,1.00
2016.10.05 09:24:13.414,1.37036,1.37054,1.75,1.00
2016.10.05 09:24:18.074,1.37037,1.37056,1.75,1.00
2016.10.05 09:24:18.124,1.37038,1.37057,1.50,1.00
2016.10.05 09:24:18.279,1.37039,1.37057,1.50,1.00
2016.10.05 09:24:18.341,1.37041,1.37059,1.00,1.12
2016.10.05 09:24:18.392,1.37041,1.37059,1.12,1.00
2016.10.05 09:24:18.494,1.37041,1.37059,2.25,1.00
2016.10.05 09:24:18.596,1.37041,1.37059,2.25,1.00
2016.10.05 09:24:20.108,1.37041,1.37059,1.75,1.00
2016.10.05 09:24:21.042,1.37041,1.37059,1.75,1.00
2016.10.05 09:24:26.999,1.37041,1.37059,2.25,1.00
2016.10.05 09:24:29.402,1.37041,1.37059,1.75,1.00
2016.10.05 09:24:29.503,1.37041,1.37059,2.25,1.00
2016.10.05 09:24:30.312,1.37041,1.37061,2.25,1.00
2016.10.05 09:24:30.819,1.37041,1.37061,2.25,1.00
2016.10.05 09:24:31.617,1.37041,1.37061,2.25,1.00
2016.10.05 09:24:32.820,1.37041,1.37061,2.25,1.00
2016.10.05 09:24:32.922,1.37041,1.37061,1.75,1.00
2016.10.05 09:24:39.716,1.37041,1.37061,2.25,1.00
2016.10.05 09:24:43.693,1.37042,1.37061,1.50,1.00
2016.10.05 09:24:46.727,1.37042,1.37061,1.50,1.00
2016.10.05 09:24:46.778,1.37042,1.37061,1.75,1.00
2016.10.05 09:24:46.930,1.37047,1.37061,1.00,1.00
2016.10.05 09:24:47.417,1.37047,1.37061,1.00,1.00
2016.10.05 09:24:48.526,1.37048,1.37064,1.00,1.00
2016.10.05 09:24:51.050,1.37048,1.37062,1.00,1.00
2016.10.05 09:24:51.202,1.37047,1.37061,1.00,1.50
2016.10.05 09:24:52.107,1.37047,1.37061,1.00,1.50
2016.10.05 09:24:52.209,1.37047,1.37061,1.00,1.50
2016.10.05 09:24:53.055,1.37047,1.37061,1.00,1.00
2016.10.05 09:24:57.110,1.37047,1.37061,1.00,1.00
2016.10.05 09:24:58.122,1.37047,1.37061,1.00,1.00
2016.10.05 09:24:59.873,1.37047,1.37061,1.00,1.00
2016.10.05 09:25:00.248,1.37048,1.37063,1.00,1.50
2016.10.05 09:25:00.947,1.37048,1.37063,1.00,1.00
2016.10.05 09:25:04.529,1.37048,1.37063,1.00,1.50
2016.10.05 09:25:04.682,1.37048,1.37063,1.00,1.00
2016.10.05 09:25:06.164,1.37048,1.37063,1.00,1.00
2016.10.05 09:25:06.266,1.37048,1.37063,1.00,1.00
2016.10.05 09:25:09.080,1.37048,1.37063,1.00,1.00
2016.10.05 09:25:09.181,1.37048,1.37063,1.00,1.00
2016.10.05 09:25:15.902,1.37048,1.37063,1.00,1.50
2016.10.05 09:25:16.228,1.37048,1.37063,1.00,1.50
2016.10.05 09:25:16.508,1.37048,1.37063,1.00,1.50
2016.10.05 09:25:17.186,1.37048,1.37063,1.00,1.50
2016.10.05 09:25:17.288,1.37048,1.37063,1.00,1.50
2016.10.05 09:25:17.389,1.37048,1.37063,1.00,1.50
2016.10.05 09:25:20.722,1.37048,1.37063,1.00,1.00
2016.10.05 09:25:23.715,1.37048,1.37063,1.00,1.00
2016.10.05 09:25:24.007,1.37048,1.37063,1.00,1.00
2016.10.05 09:25:36.018,1.37048,1.37063,1.00,1.50
2016.10.05 09:25:40.074,1.37049,1.37063,1.00,1.50
2016.10.05 09:25:41.528,1.37049,1.37063,1.00,1.00
2016.10.05 09:25:41.638,1.37049,1.37063,1.00,1.50
2016.10.05 09:25:41.751,1.37049,1.37062,1.00,1.00
2016.10.05 09:25:45.248,1.37048,1.37062,1.00,1.50
2016.10.05 09:25:49.460,1.37048,1.37062,1.00,1.00
2016.10.05 09:25:49.868,1.37048,1.37062,1.00,1.00
2016.10.05 09:25:51.773,1.37048,1.37062,1.00,1.00
2016.10.05 09:25:55.088,1.37048,1.37063,1.00,1.00
2016.10.05 09:25:57.397,1.37043,1.37062,1.75,1.00
2016.10.05 09:25:57.462,1.37043,1.37062,1.75,1.00
2016.10.05 09:25:57.563,1.37042,1.37062,2.25,1.00
2016.10.05 09:25:57.665,1.37042,1.37062,1.75,1.00
2016.10.05 09:25:59.884,1.37043,1.37062,1.75,1.00
2016.10.05 09:26:00.557,1.37042,1.37062,1.75,1.00
2016.10.05 09:26:00.608,1.37042,1.37062,1.75,1.00
2016.10.05 09:26:00.865,1.37042,1.37062,2.25,1.00
2016.10.05 09:26:00.916,1.37042,1.37062,2.25,1.00
2016.10.05 09:26:01.942,1.37042,1.37062,2.25,1.00
2016.10.05 09:26:02.474,1.37044,1.37062,1.50,1.00
2016.10.05 09:26:02.525,1.37044,1.37062,1.50,1.00
2016.10.05 09:26:03.080,1.37043,1.37062,1.75,1.00
2016.10.05 09:26:03.283,1.37043,1.37062,1.75,1.00
2016.10.05 09:26:04.655,1.37043,1.37062,1.75,1.00
2016.10.05 09:26:06.103,1.37042,1.37062,2.62,1.00
2016.10.05 09:26:06.712,1.37042,1.37062,2.62,1.00
2016.10.05 09:26:07.306,1.37043,1.37062,1.75,1.00
2016.10.05 09:26:07.738,1.37043,1.37062,1.75,1.00
2016.10.05 09:26:08.138,1.37043,1.37062,1.75,1.00
2016.10.05 09:26:09.806,1.37043,1.37062,1.75,1.00
2016.10.05 09:26:10.042,1.37043,1.37062,1.75,1.00
2016.10.05 09:26:10.209,1.37043,1.37063,2.25,1.00
2016.10.05 09:26:10.260,1.37043,1.37063,2.25,1.00
2016.10.05 09:26:10.508,1.37043,1.37063,2.25,1.00
2016.10.05 09:26:10.610,1.37043,1.37063,2.25,1.00
2016.10.05 09:26:11.001,1.37043,1.37063,2.25,1.00
2016.10.05 09:26:11.329,1.37043,1.37063,2.25,1.00
2016.10.05 09:26:12.319,1.37043,1.37063,2.25,1.00
2016.10.05 09:26:12.613,1.37043,1.37063,2.25,1.00
2016.10.05 09:26:12.701,1.37043,1.37063,2.25,1.00
2016.10.05 09:26:12.752,1.37043,1.37063,3.00,1.00
2016.10.05 09:26:12.803,1.37043,1.37063,3.00,1.00
2016.10.05 09:26:12.904,1.37043,1.37063,3.00,1.00
2016.10.05 09:26:13.005,1.37043,1.37063,3.00,1.00
2016.10.05 09:26:13.170,1.37043,1.37063,3.00,1.00
2016.10.05 09:26:13.404,1.37043,1.37063,3.00,1.00
2016.10.05 09:26:13.607,1.37043,1.37063,3.00,1.00
2016.10.05 09:26:13.708,1.37043,1.37063,2.25,1.00
2016.10.05 09:26:14.178,1.37043,1.37063,3.00,1.00
2016.10.05 09:26:14.407,1.37043,1.37063,3.00,1.00
2016.10.05 09:26:14.509,1.37043,1.37063,2.25,1.00
2016.10.05 09:26:14.639,1.37043,1.37063,2.25,1.00
2016.10.05 09:26:15.092,1.37043,1.37063,1.50,1.00
2016.10.05 09:26:15.331,1.37043,1.37063,1.50,1.00
2016.10.05 09:26:15.382,1.37042,1.37062,1.87,1.00
2016.10.05 09:26:17.097,1.37042,1.37062,1.75,1.00
2016.10.05 09:26:17.347,1.37042,1.37062,1.75,1.00
2016.10.05 09:26:18.250,1.37042,1.37062,1.75,1.00
2016.10.05 09:26:18.421,1.37042,1.37062,1.75,1.00
2016.10.05 09:26:19.731,1.37042,1.37062,1.75,1.00
2016.10.05 09:26:20.251,1.37042,1.37062,1.75,1.00
2016.10.05 09:26:21.241,1.37042,1.37062,1.75,1.00
2016.10.05 09:26:24.884,1.37042,1.37062,1.75,1.00
2016.10.05 09:26:25.940,1.37042,1.37062,1.75,1.00
2016.10.05 09:26:26.041,1.37042,1.37062,1.75,1.00
2016.10.05 09:26:26.092,1.37042,1.37062,1.75,1.50
2016.10.05 09:26:26.143,1.37042,1.3706,1.75,1.00
2016.10.05 09:26:26.620,1.37042,1.3706,1.75,1.00
2016.10.05 09:26:26.672,1.37042,1.3706,1.75,1.00
2016.10.05 09:26:27.915,1.37042,1.37061,1.75,1.12
2016.10.05 09:26:27.966,1.37042,1.37061,1.75,1.87
2016.10.05 09:26:28.017,1.37042,1.3706,1.75,1.00
2016.10.05 09:26:29.036,1.37042,1.3706,1.50,1.12
2016.10.05 09:26:30.047,1.37042,1.3706,1.50,1.12
2016.10.05 09:26:30.272,1.37042,1.37061,1.50,1.50
2016.10.05 09:26:30.350,1.37042,1.37061,1.50,1.50
2016.10.05 09:26:30.401,1.37042,1.3706,1.50,1.12
2016.10.05 09:26:31.626,1.37042,1.3706,1.50,1.87
2016.10.05 09:26:31.861,1.37042,1.3706,1.50,1.12
2016.10.05 09:26:39.248,1.37042,1.3706,1.50,1.87
2016.10.05 09:26:39.350,1.37042,1.3706,1.50,1.12
2016.10.05 09:26:43.039,1.37042,1.3706,1.50,1.87
2016.10.05 09:26:43.191,1.37042,1.3706,1.50,1.12
2016.10.05 09:26:43.462,1.37042,1.3706,1.50,1.87
2016.10.05 09:26:43.563,1.37042,1.3706,1.50,1.12
2016.10.05 09:26:44.786,1.37042,1.3706,1.50,1.12
2016.10.05 09:26:45.419,1.37042,1.3706,1.50,1.12
2016.10.05 09:26:56.538,1.37042,1.3706,1.00,1.75
2016.10.05 09:26:56.740,1.37042,1.3706,1.00,1.75
2016.10.05 09:26:57.183,1.37042,1.3706,1.00,1.75
2016.10.05 09:26:58.300,1.37042,1.3706,1.50,1.75
2016.10.05 09:27:00.042,1.37042,1.3706,1.50,1.50
2016.10.05 09:27:00.536,1.37042,1.3706,1.50,1.50
2016.10.05 09:27:00.587,1.37042,1.3706,1.00,1.50
2016.10.05 09:27:00.638,1.37042,1.3706,1.00,1.50
2016.10.05 09:27:01.638,1.37042,1.3706,1.00,1.50
2016.10.05 09:27:12.015,1.37042,1.3706,1.50,1.50
2016.10.05 09:27:12.265,1.37042,1.3706,1.50,1.50
2016.10.05 09:27:12.472,1.37042,1.3706,1.50,1.50
2016.10.05 09:27:12.523,1.37042,1.3706,1.00,1.50
2016.10.05 09:27:13.474,1.37042,1.3706,1.00,1.50
2016.10.05 09:27:13.575,1.37042,1.3706,1.00,1.50
2016.10.05 09:27:13.626,1.37042,1.3706,1.00,1.12
2016.10.05 09:27:13.956,1.37042,1.3706,1.50,1.12
2016.10.05 09:27:14.081,1.37042,1.3706,1.00,1.12
2016.10.05 09:27:14.600,1.37042,1.3706,1.00,1.12
2016.10.05 09:27:15.983,1.37042,1.3706,1.00,1.12
2016.10.05 09:27:16.366,1.37042,1.3706,1.00,1.12
2016.10.05 09:27:17.108,1.37042,1.3706,1.00,1.12
2016.10.05 09:27:22.751,1.37042,1.3706,1.00,1.12
2016.10.05 09:27:23.321,1.37042,1.3706,1.00,1.12
2016.10.05 09:27:23.487,1.37042,1.3706,1.00,1.12
2016.10.05 09:27:24.212,1.37042,1.3706,1.00,1.12
2016.10.05 09:27:30.417,1.37041,1.37062,1.12,1.75
2016.10.05 09:27:30.518,1.37041,1.37062,1.12,1.75
2016.10.05 09:27:30.741,1.37041,1.37061,1.87,1.50
2016.10.05 09:27:32.136,1.37041,1.37061,1.12,1.50
2016.10.05 09:27:33.146,1.37041,1.37061,1.12,2.25
2016.10.05 09:27:35.114,1.37041,1.37061,1.12,2.25
2016.10.05 09:27:35.164,1.37041,1.3706,1.12,1.12
2016.10.05 09:27:35.215,1.37041,1.3706,1.00,1.50
2016.10.05 09:27:35.756,1.37041,1.37059,1.00,1.12
2016.10.05 09:27:37.740,1.37041,1.37058,1.00,1.00
2016.10.05 09:27:37.915,1.37041,1.37058,1.00,1.50
2016.10.05 09:27:38.573,1.37041,1.37059,1.00,2.25
2016.10.05 09:27:38.624,1.37041,1.37059,1.00,3.00
2016.10.05 09:27:38.675,1.37041,1.37058,1.00,1.50
2016.10.05 09:27:39.609,1.37041,1.37058,1.00,2.25
2016.10.05 09:27:39.660,1.37037,1.37053,1.87,1.00
2016.10.05 09:27:39.711,1.37035,1.37053,1.75,1.00
2016.10.05 09:27:39.763,1.37032,1.37052,2.25,1.00
2016.10.05 09:27:39.814,1.37032,1.37052,2.25,1.50
2016.10.05 09:27:39.915,1.37032,1.37052,1.87,1.50
2016.10.05 09:27:39.966,1.37032,1.37052,1.12,1.50
2016.10.05 09:27:40.072,1.37032,1.37052,1.12,1.50
2016.10.05 09:27:40.174,1.37032,1.37052,1.87,1.50
2016.10.05 09:27:40.436,1.37032,1.37052,1.87,1.50
2016.10.05 09:27:40.537,1.37032,1.37052,1.87,1.50
2016.10.05 09:27:40.952,1.37032,1.37052,1.87,2.25
2016.10.05 09:27:41.859,1.37032,1.37052,1.12,2.25
2016.10.05 09:27:42.776,1.37032,1.37052,1.12,2.25
2016.10.05 09:27:48.459,1.37032,1.37052,1.12,2.25
2016.10.05 09:27:48.704,1.37032,1.37052,1.12,2.25
2016.10.05 09:27:50.443,1.37032,1.37052,1.87,2.25
2016.10.05 09:27:50.494,1.37032,1.37052,1.87,2.25
2016.10.05 09:27:50.545,1.37033,1.37052,1.00,2.25
2016.10.05 09:27:50.595,1.37033,1.37052,1.00,2.25
2016.10.05 09:27:51.017,1.37033,1.37052,1.00,1.50
2016.10.05 09:27:51.646,1.37034,1.37052,1.00,1.50
2016.10.05 09:27:51.697,1.37034,1.37052,1.00,1.50
2016.10.05 09:27:52.947,1.37035,1.37052,1.00,1.50
2016.10.05 09:27:55.327,1.37035,1.37053,1.00,1.75
2016.10.05 09:27:56.337,1.37035,1.37053,1.00,1.75
2016.10.05 09:27:57.154,1.37033,1.37053,1.50,1.75
2016.10.05 09:27:57.255,1.37034,1.37053,1.00,1.75
2016.10.05 09:27:57.306,1.37034,1.37053,1.00,1.75
2016.10.05 09:27:57.357,1.37033,1.37053,1.50,1.75
2016.10.05 09:27:57.408,1.37033,1.37053,1.50,1.75
2016.10.05 09:27:57.781,1.37033,1.37053,1.50,1.75
2016.10.05 09:27:57.832,1.37033,1.37053,1.50,1.75
2016.10.05 09:27:58.660,1.37033,1.37053,1.87,1.50
2016.10.05 09:27:59.384,1.37033,1.37053,1.87,1.50
2016.10.05 09:27:59.811,1.37033,1.37053,1.12,1.50
2016.10.05 09:27:59.925,1.37033,1.37053,1.12,1.50
2016.10.05 09:28:00.452,1.37033,1.37053,1.12,1.50
2016.10.05 09:28:00.503,1.37033,1.37053,1.12,1.50
2016.10.05 09:28:00.604,1.37033,1.37051,1.12,1.50
2016.10.05 09:28:01.536,1.37033,1.37051,1.12,1.50
2016.10.05 09:28:01.586,1.37031,1.37051,1.75,1.50
2016.10.05 09:28:02.637,1.37031,1.37051,1.75,1.50
2016.10.05 09:28:02.688,1.37032,1.37051,1.50,1.50
2016.10.05 09:28:03.465,1.37031,1.37051,1.75,1.50
2016.10.05 09:28:03.567,1.37031,1.37051,2.25,1.50
2016.10.05 09:28:03.668,1.37033,1.37051,1.12,1.50
2016.10.05 09:28:03.718,1.37033,1.37051,1.12,1.50
2016.10.05 09:28:05.579,1.37032,1.37051,1.50,1.50
2016.10.05 09:28:05.823,1.37033,1.37051,1.12,1.50
2016.10.05 09:28:05.873,1.37034,1.37051,1.00,1.50
2016.10.05 09:28:07.529,1.37031,1.37051,1.75,1.50
2016.10.05 09:28:09.042,1.37031,1.37051,1.75,1.50
2016.10.05 09:28:10.218,1.37031,1.37051,2.25,1.50
2016.10.05 09:28:11.282,1.37033,1.37051,1.12,1.50
2016.10.05 09:28:11.333,1.37033,1.37051,1.12,1.50
2016.10.05 09:28:12.971,1.37033,1.37051,1.12,1.50
2016.10.05 09:28:13.022,1.37035,1.37053,1.50,1.75
2016.10.05 09:28:13.124,1.37036,1.37053,1.00,1.75
2016.10.05 09:28:13.311,1.37036,1.37053,1.12,1.12
2016.10.05 09:28:13.537,1.37035,1.37053,1.50,1.12
2016.10.05 09:28:15.160,1.37035,1.37053,2.25,1.12
2016.10.05 09:28:15.629,1.37035,1.37052,1.50,1.00
2016.10.05 09:28:15.865,1.37034,1.37052,1.75,1.00
2016.10.05 09:28:15.916,1.37034,1.37052,2.25,1.00
2016.10.05 09:28:16.094,1.37035,1.37052,1.50,1.00
2016.10.05 09:28:16.462,1.37034,1.37052,2.25,1.00
2016.10.05 09:28:16.896,1.37035,1.37052,1.50,1.00
2016.10.05 09:28:17.055,1.37034,1.37052,1.75,1.00
2016.10.05 09:28:17.106,1.37034,1.37052,1.75,1.00
2016.10.05 09:28:17.207,1.37034,1.37052,2.25,1.00
2016.10.05 09:28:17.701,1.37035,1.37052,1.50,1.00
2016.10.05 09:28:18.327,1.37034,1.37052,2.25,1.00
2016.10.05 09:28:18.428,1.37033,1.37051,1.75,1.00
2016.10.05 09:28:18.906,1.37031,1.37051,2.62,1.00
2016.10.05 09:28:19.116,1.37033,1.37051,1.75,1.00
2016.10.05 09:28:21.025,1.37031,1.37051,2.25,1.00
2016.10.05 09:28:21.075,1.37031,1.37051,2.25,1.00
2016.10.05 09:28:21.126,1.37031,1.37051,2.25,1.00
2016.10.05 09:28:21.177,1.37031,1.37051,2.25,1.00
2016.10.05 09:28:21.681,1.37031,1.37051,2.25,1.00
2016.10.05 09:28:21.731,1.37031,1.37051,1.75,1.00
2016.10.05 09:28:21.833,1.37032,1.37051,1.50,1.00
2016.10.05 09:28:21.935,1.37031,1.37051,1.75,1.00
2016.10.05 09:28:23.057,1.37032,1.37051,1.50,1.00
2016.10.05 09:28:26.005,1.37032,1.37051,1.50,1.00
2016.10.05 09:28:27.020,1.37033,1.37051,1.12,1.00
2016.10.05 09:28:29.163,1.37031,1.37051,2.25,1.00
2016.10.05 09:28:30.065,1.37031,1.37051,2.25,1.00
2016.10.05 09:28:33.004,1.37033,1.37051,1.12,1.00
2016.10.05 09:28:33.692,1.37033,1.37051,1.12,1.00
2016.10.05 09:28:33.794,1.37033,1.37051,1.12,1.00
2016.10.05 09:28:35.826,1.37033,1.37051,1.12,1.00
2016.10.05 09:28:35.877,1.37034,1.37051,1.00,1.00
2016.10.05 09:28:36.552,1.37032,1.37051,1.50,1.00
2016.10.05 09:28:36.751,1.37033,1.37051,1.12,1.00
2016.10.05 09:28:37.872,1.37033,1.37051,1.12,1.00
2016.10.05 09:28:37.973,1.37032,1.37051,1.50,1.00
2016.10.05 09:28:38.024,1.37032,1.37051,1.50,1.00
2016.10.05 09:28:38.965,1.37034,1.37051,1.00,1.00
2016.10.05 09:28:39.066,1.37032,1.37051,1.50,1.00
2016.10.05 09:28:40.341,1.37033,1.37053,1.12,1.50
2016.10.05 09:28:40.409,1.37033,1.37053,1.12,1.50
2016.10.05 09:28:40.988,1.37033,1.37053,1.50,1.12
2016.10.05 09:28:42.015,1.37034,1.37053,1.12,1.12
2016.10.05 09:28:42.068,1.37034,1.37053,1.12,1.12
2016.10.05 09:28:42.614,1.37033,1.37053,1.50,1.12
2016.10.05 09:28:45.448,1.37033,1.37053,2.25,1.12
2016.10.05 09:28:45.757,1.37033,1.37051,2.25,1.00
2016.10.05 09:28:45.808,1.37033,1.37051,2.25,1.00
2016.10.05 09:28:46.477,1.37033,1.37051,1.50,1.00
2016.10.05 09:28:46.857,1.37033,1.37051,1.50,1.00
2016.10.05 09:28:46.907,1.37033,1.37051,1.50,1.12
2016.10.05 09:28:46.958,1.37031,1.37051,2.25,1.12
2016.10.05 09:28:47.009,1.37031,1.37051,2.25,1.12
2016.10.05 09:28:47.060,1.37031,1.37051,1.50,1.12
2016.10.05 09:28:48.078,1.3703,1.3705,1.75,1.50
2016.10.05 09:28:48.179,1.37028,1.37048,1.75,1.00
2016.10.05 09:28:48.280,1.37028,1.37048,1.75,1.00
2016.10.05 09:28:48.331,1.37028,1.37048,1.75,1.50
2016.10.05 09:28:48.382,1.37027,1.37045,1.75,1.00
2016.10.05 09:28:48.553,1.37027,1.37045,1.50,1.12
2016.10.05 09:28:48.655,1.37027,1.37045,1.50,1.12
2016.10.05 09:28:48.756,1.37027,1.37045,1.50,1.12
2016.10.05 09:28:48.857,1.37027,1.37045,1.50,1.12
2016.10.05 09:28:49.038,1.37027,1.37045,1.50,1.12
2016.10.05 09:28:49.139,1.37027,1.37045,1.50,1.12
2016.10.05 09:28:49.545,1.37027,1.37045,1.50,1.12
2016.10.05 09:28:49.646,1.37027,1.37045,1.50,1.12
2016.10.05 09:28:50.324,1.37027,1.37045,1.12,1.50
2016.10.05 09:28:50.940,1.37027,1.37045,1.12,1.50
2016.10.05 09:28:55.504,1.37025,1.37045,2.25,1.50
2016.10.05 09:28:56.663,1.37025,1.37045,1.75,1.50
2016.10.05 09:28:57.057,1.37025,1.37045,1.75,1.50
2016.10.05 09:28:58.392,1.37026,1.37045,1.50,1.50
2016.10.05 09:28:58.773,1.37025,1.37045,2.25,1.50
2016.10.05 09:28:58.875,1.37025,1.37045,2.25,1.50
2016.10.05 09:28:59.122,1.37025,1.37045,1.75,1.50
2016.10.05 09:28:59.177,1.37025,1.37045,1.75,1.50
2016.10.05 09:28:59.380,1.37025,1.37045,1.75,1.50
2016.10.05 09:28:59.777,1.37025,1.37045,1.75,1.50
2016.10.05 09:29:00.676,1.37024,1.37044,1.75,1.12
2016.10.05 09:29:00.970,1.37024,1.37044,1.75,1.12
2016.10.05 09:29:01.071,1.37024,1.37044,1.75,1.12
2016.10.05 09:29:01.122,1.37024,1.37044,2.25,1.12
2016.10.05 09:29:01.173,1.37024,1.37044,2.25,1.12
2016.10.05 09:29:01.405,1.37024,1.37044,2.25,1.12
2016.10.05 09:29:02.207,1.37024,1.37044,2.25,1.12
2016.10.05 09:29:04.278,1.37024,1.37044,2.25,1.12
2016.10.05 09:29:04.329,1.37024,1.37044,1.75,1.12
2016.10.05 09:29:04.914,1.37024,1.37044,2.25,1.12
2016.10.05 09:29:06.024,1.37024,1.37044,2.25,1.12
2016.10.05 09:29:06.527,1.37024,1.37044,1.75,1.12
2016.10.05 09:29:07.135,1.37025,1.37044,1.75,1.12
2016.10.05 09:29:07.237,1.37024,1.37044,1.75,1.12
2016.10.05 09:29:07.339,1.37024,1.37044,2.25,1.12
2016.10.05 09:29:07.391,1.37024,1.37044,1.75,1.12
2016.10.05 09:29:07.442,1.37023,1.37043,2.25,1.00
2016.10.05 09:29:07.493,1.37023,1.37043,2.25,1.12
2016.10.05 09:29:08.425,1.37023,1.37043,1.75,1.12
2016.10.05 09:29:09.739,1.37022,1.37042,1.75,1.00
2016.10.05 09:29:09.790,1.37022,1.37042,1.75,1.12
2016.10.05 09:29:09.841,1.37022,1.37042,1.75,1.12
2016.10.05 09:29:10.124,1.37022,1.37042,1.75,1.12
2016.10.05 09:29:10.330,1.37022,1.37042,2.25,1.12
2016.10.05 09:29:10.432,1.37022,1.37042,2.25,1.12
2016.10.05 09:29:10.742,1.37022,1.37042,1.75,1.12
2016.10.05 09:29:11.848,1.37022,1.37042,1.75,1.12
2016.10.05 09:29:12.000,1.37022,1.37042,1.12,1.50
2016.10.05 09:29:15.354,1.37022,1.37042,1.12,2.25
2016.10.05 09:29:15.713,1.37022,1.37042,1.12,2.25
2016.10.05 09:29:15.764,1.3702,1.3704,2.25,1.00
2016.10.05 09:29:17.855,1.37021,1.3704,1.50,1.00
2016.10.05 09:29:18.013,1.3702,1.3704,1.87,1.00
2016.10.05 09:29:18.064,1.3702,1.3704,1.75,1.00
2016.10.05 09:29:18.356,1.37021,1.3704,1.50,1.00
2016.10.05 09:29:18.721,1.3702,1.3704,1.75,1.00
2016.10.05 09:29:19.373,1.3702,1.3704,1.75,1.00
2016.10.05 09:29:21.023,1.3702,1.3704,2.25,1.00
2016.10.05 09:29:21.162,1.37021,1.3704,1.50,1.00
2016.10.05 09:29:21.263,1.3702,1.3704,2.25,1.00
2016.10.05 09:29:21.828,1.3702,1.3704,2.25,1.00
2016.10.05 09:29:23.370,1.3702,1.3704,2.25,1.00
2016.10.05 09:29:23.836,1.37021,1.3704,1.50,1.00
2016.10.05 09:29:24.055,1.37021,1.3704,1.50,1.00
2016.10.05 09:29:24.125,1.37023,1.37041,2.25,1.00
2016.10.05 09:29:24.339,1.37023,1.37041,2.25,1.00
2016.10.05 09:29:24.570,1.37023,1.37041,1.75,1.00
2016.10.05 09:29:24.671,1.37023,1.37041,2.25,1.00
2016.10.05 09:29:24.773,1.37025,1.37043,2.25,1.12
2016.10.05 09:29:24.831,1.37028,1.37043,1.00,1.12
2016.10.05 09:29:24.882,1.37028,1.37043,1.00,1.00
2016.10.05 09:29:24.934,1.37027,1.37043,1.00,1.00
2016.10.05 09:29:25.060,1.3703,1.37047,1.00,1.75
2016.10.05 09:29:25.114,1.3703,1.37047,1.75,1.00
2016.10.05 09:29:25.307,1.3703,1.37047,2.25,1.00
2016.10.05 09:29:25.361,1.37031,1.37047,1.50,1.00
2016.10.05 09:29:25.412,1.37031,1.37047,1.50,1.00
2016.10.05 09:29:25.611,1.37031,1.37051,2.25,1.12
2016.10.05 09:29:25.666,1.37032,1.37051,1.12,1.12
2016.10.05 09:29:25.717,1.37032,1.37051,1.87,1.12
2016.10.05 09:29:25.850,1.37032,1.37051,1.87,1.12
2016.10.05 09:29:26.022,1.37032,1.37051,1.12,1.12
2016.10.05 09:29:26.073,1.37032,1.37051,1.75,1.00
2016.10.05 09:29:26.680,1.37032,1.37051,2.25,1.00
2016.10.05 09:29:26.781,1.37034,1.37054,1.50,1.75
2016.10.05 09:29:26.832,1.37034,1.37054,1.50,1.12
2016.10.05 09:29:27.004,1.37034,1.37054,1.50,1.12
2016.10.05 09:29:27.268,1.37034,1.37054,1.50,1.12
2016.10.05 09:29:27.531,1.37034,1.37054,1.50,1.12
2016.10.05 09:29:27.581,1.37034,1.37054,1.50,1.12
2016.10.05 09:29:27.683,1.37034,1.37054,2.25,1.12
2016.10.05 09:29:27.734,1.37034,1.37054,1.50,1.12
2016.10.05 09:29:27.785,1.37034,1.37054,1.50,1.12
2016.10.05 09:29:27.887,1.37034,1.37054,1.50,1.12
2016.10.05 09:29:29.057,1.37034,1.37054,1.50,1.12
2016.10.05 09:29:29.858,1.37034,1.37054,2.25,1.12
2016.10.05 09:29:29.908,1.37034,1.37054,2.25,1.12
2016.10.05 09:29:29.959,1.37034,1.37054,2.25,1.12
2016.10.05 09:29:30.061,1.37034,1.37054,1.50,1.12
2016.10.05 09:29:30.162,1.37034,1.37054,2.25,1.12
2016.10.05 09:29:30.761,1.37034,1.37053,1.50,1.00
2016.10.05 09:29:31.106,1.37033,1.37053,2.25,1.00
2016.10.05 09:29:31.744,1.37034,1.37053,1.50,1.00
2016.10.05 09:29:32.669,1.37033,1.37053,1.75,1.00
2016.10.05 09:29:32.770,1.37034,1.37053,1.50,1.00
2016.10.05 09:29:35.660,1.37033,1.37053,2.25,1.00
2016.10.05 09:29:35.711,1.37033,1.37053,2.25,1.00
2016.10.05 09:29:36.476,1.37033,1.37053,2.25,1.00
2016.10.05 09:29:36.607,1.37033,1.37053,1.75,1.00
2016.10.05 09:29:36.971,1.37033,1.37051,1.75,1.00
2016.10.05 09:29:37.022,1.37032,1.37051,1.12,1.00
2016.10.05 09:29:37.095,1.3703,1.37048,1.75,1.00
2016.10.05 09:29:37.196,1.37028,1.37046,1.75,1.00
2016.10.05 09:29:37.297,1.37028,1.37046,1.50,1.12
2016.10.05 09:29:37.399,1.37028,1.37046,1.00,1.12
2016.10.05 09:29:37.566,1.37028,1.37046,1.00,1.12
2016.10.05 09:29:37.620,1.37028,1.37046,1.00,1.12
2016.10.05 09:29:38.187,1.37028,1.37046,1.00,1.12
2016.10.05 09:29:39.084,1.37028,1.37046,1.00,1.12
2016.10.05 09:29:39.185,1.37028,1.37046,1.00,1.12
2016.10.05 09:29:39.368,1.37028,1.37046,1.00,1.50
2016.10.05 09:29:39.792,1.37026,1.37044,1.12,1.00
2016.10.05 09:29:40.079,1.37026,1.37044,1.12,1.00
2016.10.05 09:29:40.192,1.37026,1.37044,1.12,1.00
2016.10.05 09:29:40.765,1.37026,1.37044,1.87,1.00
2016.10.05 09:29:42.500,1.37026,1.37044,1.87,1.00
2016.10.05 09:29:42.601,1.37026,1.37044,1.87,1.00
2016.10.05 09:29:44.202,1.37026,1.37044,1.87,1.00
2016.10.05 09:29:44.506,1.37026,1.37044,1.87,1.00
2016.10.05 09:29:44.836,1.37026,1.37044,1.87,1.00
2016.10.05 09:29:45.039,1.37026,1.37044,1.87,1.00
2016.10.05 09:29:45.713,1.37026,1.37044,1.87,1.00
2016.10.05 09:29:46.475,1.37027,1.37044,1.00,1.00
2016.10.05 09:29:46.526,1.37029,1.37047,1.00,1.75
2016.10.05 09:29:46.576,1.37029,1.37047,1.50,1.75
2016.10.05 09:29:46.627,1.37029,1.37047,1.87,1.50
2016.10.05 09:29:46.678,1.37029,1.37047,1.12,1.50
2016.10.05 09:29:47.209,1.37029,1.37047,1.12,1.50
2016.10.05 09:29:47.756,1.37029,1.37049,1.12,1.75
2016.10.05 09:29:50.158,1.37029,1.37049,1.87,1.75
2016.10.05 09:29:50.361,1.37029,1.37049,1.87,1.75
2016.10.05 09:29:50.462,1.37029,1.37049,1.12,1.75
2016.10.05 09:29:51.386,1.37029,1.37049,1.12,1.75
2016.10.05 09:29:52.235,1.37029,1.37049,1.12,1.75
2016.10.05 09:29:52.387,1.37029,1.37049,1.12,1.75
2016.10.05 09:29:52.438,1.3703,1.37049,1.00,1.75
2016.10.05 09:29:52.489,1.3703,1.37049,1.50,1.75
2016.10.05 09:29:52.541,1.37032,1.3705,1.00,1.75
2016.10.05 09:29:52.720,1.37032,1.3705,2.25,1.00
2016.10.05 09:29:55.142,1.37033,1.3705,1.50,1.00
2016.10.05 09:29:55.395,1.37035,1.3705,1.00,1.00
2016.10.05 09:29:55.446,1.37035,1.37055,1.12,2.25
2016.10.05 09:29:55.659,1.37036,1.37055,1.00,1.50
2016.10.05 09:29:56.128,1.37036,1.37055,1.00,1.50
2016.10.05 09:29:56.339,1.37034,1.37055,2.25,1.50
2016.10.05 09:29:56.440,1.37036,1.37055,1.00,1.50
2016.10.05 09:29:57.518,1.37036,1.37055,1.50,1.50
2016.10.05 09:29:58.271,1.37036,1.37055,1.50,1.50
2016.10.05 09:29:58.746,1.37037,1.37054,1.12,1.12
2016.10.05 09:29:58.848,1.37038,1.37058,1.87,1.50
2016.10.05 09:29:59.064,1.37038,1.37058,1.12,1.50
2016.10.05 09:29:59.132,1.37038,1.37058,1.75,1.50
2016.10.05 09:29:59.183,1.37038,1.37058,1.75,1.50
2016.10.05 09:29:59.234,1.37038,1.37058,1.75,2.25
2016.10.05 09:29:59.291,1.37038,1.37058,1.75,2.25
2016.10.05 09:29:59.341,1.37037,1.37055,1.75,1.00
2016.10.05 09:29:59.392,1.37037,1.37055,1.12,1.00
2016.10.05 09:29:59.443,1.37036,1.37053,1.50,1.00
2016.10.05 09:29:59.494,1.37036,1.37053,1.75,1.00
2016.10.05 09:30:00.246,1.37035,1.37053,1.75,1.00
2016.10.05 09:30:00.847,1.37035,1.37054,1.75,1.00
2016.10.05 09:30:00.952,1.37035,1.37054,1.75,1.00
2016.10.05 09:30:02.325,1.37035,1.37054,1.75,1.00
2016.10.05 09:30:02.376,1.37035,1.37054,1.50,1.00
2016.10.05 09:30:03.266,1.37037,1.37055,1.12,1.00
2016.10.05 09:30:03.317,1.37037,1.37055,2.62,1.00
2016.10.05 09:30:03.368,1.37037,1.37055,3.00,1.00
2016.10.05 09:30:03.419,1.37038,1.37055,1.87,1.00
2016.10.05 09:30:03.470,1.37038,1.37058,2.62,1.00
2016.10.05 09:30:03.520,1.37039,1.37058,1.75,1.00
2016.10.05 09:30:03.571,1.37039,1.37058,1.75,1.00
2016.10.05 09:30:03.622,1.37042,1.37058,1.12,1.00
2016.10.05 09:30:03.806,1.3704,1.3706,2.25,1.00
2016.10.05 09:30:03.907,1.37042,1.3706,1.75,1.00
2016.10.05 09:30:04.239,1.37042,1.37062,2.25,1.50
2016.10.05 09:30:04.542,1.37042,1.37062,2.25,1.50
2016.10.05 09:30:04.708,1.37042,1.37062,2.25,1.50
2016.10.05 09:30:04.910,1.37043,1.37062,1.50,1.50
2016.10.05 09:30:04.961,1.37043,1.37062,2.25,1.50
2016.10.05 09:30:05.346,1.37043,1.37062,2.25,1.50
2016.10.05 09:30:05.842,1.37043,1.37062,2.25,1.50
2016.10.05 09:30:07.553,1.37043,1.37062,2.25,1.50
2016.10.05 09:30:07.655,1.37043,1.37062,2.25,1.50
2016.10.05 09:30:07.819,1.37043,1.37062,2.25,1.50
2016.10.05 09:30:08.037,1.37043,1.37062,2.25,1.12
2016.10.05 09:30:08.544,1.37043,1.37062,2.25,1.12
2016.10.05 09:30:08.595,1.37043,1.37062,1.75,1.12
2016.10.05 09:30:08.696,1.37042,1.37062,2.25,1.12
2016.10.05 09:30:08.747,1.37042,1.37062,2.25,1.12
2016.10.05 09:30:08.848,1.37042,1.37062,2.25,1.12
2016.10.05 09:30:09.051,1.37042,1.37062,2.25,1.12
2016.10.05 09:30:09.651,1.37042,1.37062,2.25,1.50
2016.10.05 09:30:09.778,1.37042,1.37062,1.50,1.12
2016.10.05 09:30:09.829,1.37042,1.37062,1.00,1.12
2016.10.05 09:30:09.931,1.37042,1.37062,1.50,1.12
2016.10.05 09:30:10.033,1.37042,1.37062,1.50,1.12
2016.10.05 09:30:10.134,1.37042,1.37062,1.00,1.87
2016.10.05 09:30:10.301,1.37042,1.37062,1.00,1.12
2016.10.05 09:30:10.602,1.37042,1.3706,1.00,1.00
2016.10.05 09:30:10.653,1.37042,1.3706,1.00,1.00
2016.10.05 09:30:11.075,1.37042,1.3706,1.75,1.00
2016.10.05 09:30:11.126,1.37043,1.3706,1.50,1.00
2016.10.05 09:30:11.329,1.37043,1.3706,1.12,1.00
2016.10.05 09:30:14.812,1.37045,1.3706,1.12,1.00
2016.10.05 09:30:15.589,1.37045,1.37065,1.12,1.12
2016.10.05 09:30:15.842,1.37045,1.37065,1.12,1.12
2016.10.05 09:30:16.349,1.37045,1.37065,1.12,1.12
2016.10.05 09:30:16.400,1.37045,1.37066,1.12,1.75
2016.10.05 09:30:16.451,1.3705,1.37069,1.00,1.75
2016.10.05 09:30:16.502,1.3705,1.37069,1.00,1.75
2016.10.05 09:30:16.553,1.3705,1.37069,1.12,1.12
2016.10.05 09:30:16.656,1.3705,1.37069,1.75,1.12
2016.10.05 09:30:16.707,1.37052,1.37072,1.12,1.75
2016.10.05 09:30:16.758,1.37054,1.37072,1.00,1.75
2016.10.05 09:30:16.809,1.37054,1.37072,1.50,1.12
2016.10.05 09:30:16.994,1.37052,1.37072,1.00,1.75
2016.10.05 09:30:17.096,1.37055,1.37074,1.00,2.25
2016.10.05 09:30:17.147,1.37055,1.37074,1.00,1.75
2016.10.05 09:30:17.248,1.37055,1.37074,1.00,1.75
2016.10.05 09:30:17.299,1.3706,1.37074,1.00,1.75
2016.10.05 09:30:18.513,1.37061,1.37077,1.00,2.62
2016.10.05 09:30:19.230,1.37061,1.37077,1.00,1.87
2016.10.05 09:30:19.552,1.37061,1.37077,1.00,1.75
2016.10.05 09:30:19.752,1.37061,1.37077,1.00,2.25
2016.10.05 09:30:20.665,1.37061,1.37076,1.00,1.75
2016.10.05 09:30:21.226,1.37061,1.37077,1.00,1.75
2016.10.05 09:30:22.257,1.37061,1.37077,1.00,2.25
2016.10.05 09:30:22.308,1.37061,1.37077,1.00,2.25
2016.10.05 09:30:24.664,1.37061,1.37077,1.00,2.25
2016.10.05 09:30:25.279,1.37061,1.37077,1.00,2.25
2016.10.05 09:30:25.581,1.37062,1.37077,1.00,1.75
2016.10.05 09:30:25.813,1.37062,1.37078,1.00,2.62
2016.10.05 09:30:26.167,1.37062,1.37077,1.00,1.75
2016.10.05 09:30:26.528,1.37064,1.37077,1.00,1.75
2016.10.05 09:30:26.680,1.37062,1.37076,1.00,1.75
2016.10.05 09:30:27.634,1.37062,1.37077,1.00,2.25
2016.10.05 09:30:27.685,1.37062,1.37077,1.00,2.25
2016.10.05 09:30:28.314,1.37062,1.37077,1.00,2.25
2016.10.05 09:30:28.826,1.37062,1.37076,1.00,1.75
2016.10.05 09:30:30.586,1.37062,1.37075,1.00,1.75
2016.10.05 09:30:30.688,1.3706,1.37074,1.00,1.50
2016.10.05 09:30:30.912,1.3706,1.37074,1.00,1.75
2016.10.05 09:30:31.200,1.3706,1.37074,1.00,1.00
2016.10.05 09:30:32.443,1.3706,1.37074,1.00,1.50
2016.10.05 09:30:32.544,1.3706,1.37074,1.00,1.00
2016.10.05 09:30:32.845,1.3706,1.37074,1.00,1.00
2016.10.05 09:30:32.896,1.37057,1.37072,1.00,1.00
2016.10.05 09:30:33.805,1.37057,1.37072,1.00,1.00
2016.10.05 09:30:33.856,1.37057,1.37072,1.00,1.50
2016.10.05 09:30:34.136,1.37057,1.37072,1.00,1.50
2016.10.05 09:30:34.396,1.37057,1.37072,1.00,1.50
2016.10.05 09:30:34.447,1.37057,1.37072,1.00,1.00
2016.10.05 09:30:34.498,1.37057,1.37072,1.00,1.00
2016.10.05 09:30:35.728,1.37057,1.37072,1.00,1.00
2016.10.05 09:30:36.638,1.37057,1.37072,1.00,1.00
2016.10.05 09:30:36.799,1.37057,1.37072,1.00,1.00
2016.10.05 09:30:38.003,1.37057,1.37072,1.00,1.00
2016.10.05 09:30:38.132,1.37057,1.37072,1.00,1.00
2016.10.05 09:30:39.234,1.37057,1.37072,1.00,1.00
2016.10.05 09:30:39.338,1.37057,1.37072,1.00,1.50
2016.10.05 09:30:40.421,1.37057,1.37071,1.00,1.00
2016.10.05 09:30:40.523,1.37057,1.37071,1.00,1.50
2016.10.05 09:30:40.625,1.37055,1.37071,1.00,1.50
2016.10.05 09:30:41.284,1.37055,1.37071,1.00,1.50
2016.10.05 09:30:41.337,1.37055,1.37071,1.00,1.50
2016.10.05 09:30:41.388,1.37055,1.3707,1.00,1.00
2016.10.05 09:30:41.438,1.37054,1.3707,1.00,1.50
2016.10.05 09:30:41.540,1.37054,1.3707,1.00,1.50
2016.10.05 09:30:41.779,1.37054,1.37066,1.00,1.00
2016.10.05 09:30:41.830,1.37052,1.37066,1.00,1.50
2016.10.05 09:30:41.881,1.37052,1.37066,1.00,1.00
2016.10.05 09:30:41.932,1.37052,1.37066,1.00,1.00
2016.10.05 09:30:41.983,1.37052,1.37066,1.00,1.75
2016.10.05 09:30:42.168,1.37052,1.37066,1.00,1.12
2016.10.05 09:30:43.753,1.37053,1.37069,1.00,1.87
2016.10.05 09:30:43.855,1.37053,1.37069,1.00,1.87
2016.10.05 09:30:43.906,1.37053,1.37069,1.00,1.12
2016.10.05 09:30:43.957,1.37053,1.37069,1.00,1.12
2016.10.05 09:30:44.949,1.37053,1.37069,1.00,1.12
2016.10.05 09:30:45.000,1.37053,1.37069,1.00,1.87
2016.10.05 09:30:45.586,1.37053,1.37069,1.00,1.12
2016.10.05 09:30:45.988,1.37053,1.37068,1.00,1.50
2016.10.05 09:30:46.174,1.37053,1.37069,1.00,1.87
2016.10.05 09:30:47.469,1.37053,1.37068,1.00,1.50
2016.10.05 09:30:47.857,1.37053,1.37068,1.00,1.75
2016.10.05 09:30:47.958,1.37053,1.37068,1.00,1.75
2016.10.05 09:30:48.161,1.37053,1.37068,1.00,1.75
2016.10.05 09:30:48.212,1.37053,1.37069,1.00,2.25
2016.10.05 09:30:48.551,1.37053,1.37069,1.00,1.75
2016.10.05 09:30:48.732,1.37053,1.37069,1.00,1.75
2016.10.05 09:30:48.783,1.37053,1.3707,1.00,2.62
2016.10.05 09:30:48.887,1.37053,1.3707,1.00,1.87
2016.10.05 09:30:49.053,1.37055,1.3707,1.00,1.12
2016.10.05 09:30:49.130,1.37055,1.37072,1.00,1.87
2016.10.05 09:30:49.550,1.37055,1.37072,1.00,1.87
2016.10.05 09:30:50.173,1.37055,1.37072,1.00,1.87
2016.10.05 09:30:50.224,1.37055,1.37071,1.00,1.75
2016.10.05 09:30:51.599,1.37055,1.37071,1.00,2.25
2016.10.05 09:30:51.811,1.37055,1.37071,1.00,1.75
2016.10.05 09:30:52.152,1.37055,1.37071,1.00,1.75
2016.10.05 09:30:52.203,1.37055,1.3707,1.00,1.50
2016.10.05 09:30:52.409,1.37055,1.3707,1.00,1.50
2016.10.05 09:30:52.514,1.37055,1.3707,1.00,1.50
2016.10.05 09:30:52.615,1.37055,1.3707,1.00,1.50
2016.10.05 09:30:53.399,1.37055,1.3707,1.00,1.50
2016.10.05 09:30:53.507,1.37055,1.3707,1.00,1.50
2016.10.05 09:30:53.617,1.37055,1.3707,1.00,1.50
2016.10.05 09:30:53.788,1.37055,1.37072,1.00,3.00
2016.10.05 09:30:53.839,1.37055,1.37072,1.00,3.00
2016.10.05 09:30:54.507,1.37055,1.37072,1.00,3.00
2016.10.05 09:30:55.129,1.37055,1.37072,1.00,2.25
2016.10.05 09:30:56.308,1.37055,1.37072,1.00,1.75
2016.10.05 09:30:56.358,1.37055,1.37072,1.00,2.62
2016.10.05 09:30:56.460,1.37055,1.37072,1.00,1.75
2016.10.05 09:30:56.510,1.37055,1.37072,1.00,2.25
2016.10.05 09:30:56.612,1.37055,1.37071,1.00,2.25
2016.10.05 09:30:56.713,1.37055,1.3707,1.00,1.50
2016.10.05 09:30:57.097,1.37055,1.37069,1.00,1.12
2016.10.05 09:30:57.249,1.37055,1.37069,1.00,1.75
2016.10.05 09:30:57.299,1.37055,1.37069,1.00,1.75
2016.10.05 09:30:57.401,1.37055,1.37069,1.00,1.75
2016.10.05 09:30:57.485,1.37055,1.37069,1.00,1.75
2016.10.05 09:30:57.624,1.37055,1.37069,1.00,1.75
2016.10.05 09:30:57.677,1.37053,1.37067,1.00,1.12
2016.10.05 09:30:57.728,1.37053,1.37067,1.00,1.50
2016.10.05 09:30:57.840,1.37053,1.37067,1.00,1.75
2016.10.05 09:30:58.038,1.37053,1.37069,1.00,2.62
2016.10.05 09:30:58.297,1.37053,1.37069,1.00,1.87
2016.10.05 09:30:58.398,1.37053,1.37067,1.00,1.75
2016.10.05 09:30:58.449,1.37049,1.37065,1.00,1.12
2016.10.05 09:30:58.500,1.37049,1.37065,1.00,1.12
2016.10.05 09:30:58.550,1.37052,1.37067,1.00,2.25
2016.10.05 09:30:59.578,1.37052,1.37066,1.00,2.25
2016.10.05 09:31:00.177,1.37049,1.37064,1.00,1.12
2016.10.05 09:31:00.228,1.37049,1.37062,1.00,1.12
2016.10.05 09:31:00.329,1.37049,1.37062,1.00,1.75
2016.10.05 09:31:00.380,1.37044,1.3706,1.00,1.12
2016.10.05 09:31:00.431,1.37044,1.3706,1.00,2.25
2016.10.05 09:31:00.789,1.37044,1.37059,1.00,1.75
2016.10.05 09:31:01.476,1.37044,1.37059,1.00,2.25
2016.10.05 09:31:02.329,1.37044,1.37059,1.00,1.75
2016.10.05 09:31:05.245,1.37044,1.37058,1.00,1.75
2016.10.05 09:31:06.411,1.37044,1.37059,1.00,2.25
2016.10.05 09:31:06.963,1.37044,1.37059,1.00,2.25
2016.10.05 09:31:07.014,1.37044,1.37059,1.00,2.25
2016.10.05 09:31:07.918,1.37044,1.37059,1.00,2.25
2016.10.05 09:31:08.158,1.37044,1.37057,1.00,1.00
2016.10.05 09:31:08.519,1.37044,1.37057,1.00,1.00
2016.10.05 09:31:09.137,1.37044,1.37055,1.00,1.00
2016.10.05 09:31:09.188,1.37042,1.37055,1.00,1.00
2016.10.05 09:31:10.347,1.37042,1.37054,1.00,1.00
2016.10.05 09:31:10.881,1.37043,1.37054,1.00,1.00
2016.10.05 09:31:11.558,1.37043,1.37056,1.00,1.12
2016.10.05 09:31:12.137,1.37043,1.37054,1.00,1.00
2016.10.05 09:31:12.187,1.37041,1.37054,1.00,1.00
2016.10.05 09:31:12.443,1.37038,1.37054,1.00,1.00
2016.10.05 09:31:13.539,1.37038,1.37054,1.00,1.50
2016.10.05 09:31:14.488,1.37038,1.37054,1.00,1.50
2016.10.05 09:31:14.544,1.37038,1.37054,1.00,1.50
2016.10.05 09:31:14.731,1.37038,1.37054,1.00,1.50
2016.10.05 09:31:14.784,1.37038,1.37054,1.00,1.12
2016.10.05 09:31:14.886,1.37038,1.37054,1.00,1.12
2016.10.05 09:31:15.550,1.37038,1.37054,1.00,1.12
2016.10.05 09:31:15.860,1.37038,1.37054,1.00,1.12
2016.10.05 09:31:16.016,1.3704,1.37054,1.00,1.12
2016.10.05 09:31:19.240,1.3704,1.37054,1.00,1.50
2016.10.05 09:31:19.370,1.3704,1.37053,1.00,1.12
2016.10.05 09:31:20.709,1.37038,1.37053,1.00,1.50
2016.10.05 09:31:21.193,1.37038,1.37053,1.00,1.57
2016.10.05 09:31:21.319,1.37036,1.37053,1.00,2.32
2016.10.05 09:31:21.471,1.37036,1.3705,1.00,1.00
2016.10.05 09:31:22.074,1.37035,1.3705,1.00,1.00
2016.10.05 09:31:22.177,1.37035,1.37051,1.00,1.12
2016.10.05 09:31:22.294,1.37035,1.37051,1.00,1.19
2016.10.05 09:31:22.692,1.37035,1.3705,1.00,1.00
2016.10.05 09:31:22.971,1.37035,1.3705,1.00,1.00
2016.10.05 09:31:23.021,1.37035,1.3705,1.00,1.09
2016.10.05 09:31:23.238,1.37035,1.3705,1.00,1.19
2016.10.05 09:31:23.396,1.37035,1.3705,1.00,1.12
2016.10.05 09:31:25.537,1.37035,1.3705,1.00,1.19
2016.10.05 09:31:25.700,1.37035,1.37051,1.00,1.57
2016.10.05 09:31:26.387,1.37035,1.37051,1.00,1.57
2016.10.05 09:31:26.993,1.37035,1.37051,1.00,1.57
2016.10.05 09:31:27.883,1.37035,1.37051,1.00,1.57
2016.10.05 09:31:28.168,1.37037,1.37051,1.00,1.57
2016.10.05 09:31:28.219,1.37041,1.37054,1.00,1.82
2016.10.05 09:31:28.391,1.37043,1.37058,1.00,3.07
2016.10.05 09:31:28.442,1.37043,1.37058,1.00,2.25
2016.10.05 09:31:28.493,1.37043,1.37058,1.00,1.50
2016.10.05 09:31:28.724,1.37043,1.37058,1.00,1.00
2016.10.05 09:31:29.282,1.37044,1.3706,1.00,1.50
2016.10.05 09:31:29.385,1.37044,1.37061,1.00,1.75
2016.10.05 09:31:30.813,1.37044,1.37061,1.00,1.75
2016.10.05 09:31:30.864,1.37044,1.37061,1.00,2.25
2016.10.05 09:31:30.915,1.37044,1.37061,1.00,2.25
2016.10.05 09:31:31.492,1.37044,1.37061,1.00,2.25
2016.10.05 09:31:31.710,1.37044,1.37061,1.00,2.25
2016.10.05 09:31:33.798,1.37044,1.37061,1.00,2.25
2016.10.05 09:31:34.117,1.37044,1.37061,1.00,2.25
2016.10.05 09:31:35.107,1.37044,1.37061,1.00,2.25
2016.10.05 09:31:35.158,1.37044,1.37061,1.00,1.75
2016.10.05 09:31:35.303,1.37044,1.37061,1.00,1.75
2016.10.05 09:31:35.942,1.37044,1.37061,1.00,1.75
2016.10.05 09:31:36.346,1.37044,1.37061,1.00,1.75
2016.10.05 09:31:36.555,1.37044,1.37061,1.00,1.75
2016.10.05 09:31:37.250,1.37044,1.37061,1.00,1.75
2016.10.05 09:31:37.511,1.37044,1.37061,1.00,1.75
2016.10.05 09:31:37.910,1.37044,1.37061,1.00,1.75
2016.10.05 09:31:38.078,1.37048,1.37063,1.00,1.75
2016.10.05 09:31:38.411,1.37048,1.37063,1.00,1.75
2016.10.05 09:31:40.095,1.37048,1.37063,1.00,1.75
2016.10.05 09:31:40.517,1.37048,1.37063,1.00,1.75
2016.10.05 09:31:40.618,1.37048,1.37063,1.00,1.75
2016.10.05 09:31:41.267,1.37048,1.37063,1.00,1.75
2016.10.05 09:31:41.552,1.37048,1.37063,1.00,2.25
2016.10.05 09:31:41.629,1.37048,1.37062,1.00,1.50
2016.10.05 09:31:41.730,1.37048,1.37063,1.00,2.25
2016.10.05 09:31:41.781,1.37046,1.3706,1.00,1.50
2016.10.05 09:31:42.623,1.37046,1.3706,1.00,1.50
2016.10.05 09:31:43.225,1.37046,1.3706,1.00,1.50
2016.10.05 09:31:43.667,1.37046,1.3706,1.00,1.50
2016.10.05 09:31:45.030,1.37046,1.3706,1.00,1.50
2016.10.05 09:31:45.336,1.37046,1.3706,1.00,1.50
2016.10.05 09:31:45.438,1.37046,1.3706,1.00,1.50
2016.10.05 09:31:45.640,1.37046,1.3706,1.00,1.50
2016.10.05 09:31:45.691,1.3704,1.3706,2.25,1.50
2016.10.05 09:31:45.741,1.37041,1.3706,1.50,1.50
2016.10.05 09:31:45.968,1.3704,1.3706,1.75,2.25
2016.10.05 09:31:46.759,1.3704,1.3706,1.75,1.50
2016.10.05 09:31:47.558,1.3704,1.3706,1.75,1.50
2016.10.05 09:31:47.659,1.3704,1.3706,1.75,1.50
2016.10.05 09:31:47.710,1.3704,1.3706,2.25,1.50
2016.10.05 09:31:47.760,1.3704,1.3706,2.25,1.50
2016.10.05 09:31:47.811,1.3704,1.3706,1.75,1.50
2016.10.05 09:31:49.165,1.3704,1.3706,1.75,1.50
2016.10.05 09:31:49.216,1.3704,1.3706,2.25,1.50
2016.10.05 09:31:49.266,1.3704,1.3706,2.25,1.50
2016.10.05 09:31:49.914,1.3704,1.3706,2.25,1.50
2016.10.05 09:31:51.387,1.3704,1.3706,2.25,1.50
2016.10.05 09:31:51.495,1.3704,1.3706,2.25,1.50
2016.10.05 09:31:52.726,1.3704,1.3706,2.25,1.50
2016.10.05 09:31:52.777,1.3704,1.3706,2.25,1.50
2016.10.05 09:31:52.828,1.37041,1.3706,1.50,1.50
2016.10.05 09:31:52.987,1.37041,1.3706,1.50,1.50
2016.10.05 09:31:53.089,1.37042,1.37062,1.12,1.75
2016.10.05 09:31:53.270,1.37042,1.37062,2.25,1.00
2016.10.05 09:31:53.371,1.37042,1.37062,2.62,1.00
2016.10.05 09:31:53.422,1.37043,1.37062,1.75,1.00
2016.10.05 09:31:54.071,1.37043,1.37062,1.75,1.00
2016.10.05 09:31:54.122,1.37043,1.37062,1.87,1.00
2016.10.05 09:31:54.463,1.37043,1.37062,1.87,1.00
2016.10.05 09:31:55.181,1.37043,1.37062,1.12,1.00
2016.10.05 09:31:55.232,1.37043,1.37062,1.87,1.00
2016.10.05 09:31:55.283,1.37043,1.37062,1.87,1.00
2016.10.05 09:31:55.773,1.37045,1.37063,1.75,1.00
2016.10.05 09:31:56.166,1.37045,1.37063,1.75,1.00
2016.10.05 09:31:56.267,1.37045,1.37063,1.75,1.00
2016.10.05 09:31:56.318,1.37045,1.37063,2.25,1.00
2016.10.05 09:31:56.369,1.37045,1.37063,2.25,1.00
2016.10.05 09:31:56.470,1.37045,1.37063,2.25,1.00
2016.10.05 09:32:01.079,1.37045,1.37063,2.25,1.00
2016.10.05 09:32:01.130,1.37045,1.37062,1.75,1.00
2016.10.05 09:32:01.482,1.37044,1.37062,1.75,1.00
2016.10.05 09:32:01.533,1.37041,1.37061,1.87,1.50
2016.10.05 09:32:01.635,1.37041,1.37059,1.87,1.00
2016.10.05 09:32:01.838,1.37041,1.3706,1.75,1.00
2016.10.05 09:32:01.889,1.37041,1.3706,1.75,1.00
2016.10.05 09:32:01.939,1.37041,1.37061,1.75,2.25
2016.10.05 09:32:01.990,1.37041,1.37061,1.75,2.25
2016.10.05 09:32:02.041,1.37041,1.3706,1.75,1.00
2016.10.05 09:32:02.274,1.37041,1.37061,1.75,2.25
2016.10.05 09:32:02.569,1.37041,1.3706,1.75,1.00
2016.10.05 09:32:02.620,1.37041,1.3706,1.75,1.00
2016.10.05 09:32:02.670,1.37041,1.3706,1.75,1.50
2016.10.05 09:32:02.874,1.37041,1.3706,1.75,1.00
2016.10.05 09:32:03.568,1.37041,1.3706,1.75,1.00
2016.10.05 09:32:03.619,1.37042,1.3706,1.75,1.00
2016.10.05 09:32:03.672,1.37042,1.37061,1.87,1.00
2016.10.05 09:32:03.723,1.37043,1.37063,1.75,1.00
2016.10.05 09:32:03.774,1.37045,1.37063,1.75,1.00
2016.10.05 09:32:04.120,1.37045,1.37063,1.75,1.00
2016.10.05 09:32:04.172,1.37043,1.37063,2.62,1.00
2016.10.05 09:32:04.427,1.37043,1.37063,2.62,1.00
2016.10.05 09:32:04.528,1.37043,1.37063,2.62,1.00
2016.10.05 09:32:04.579,1.37043,1.37063,1.50,1.50
2016.10.05 09:32:04.720,1.37042,1.3706,2.25,1.00
2016.10.05 09:32:04.822,1.37042,1.3706,2.25,1.00
2016.10.05 09:32:05.079,1.37042,1.3706,2.62,1.00
2016.10.05 09:32:05.130,1.37042,1.3706,1.87,1.00
2016.10.05 09:32:05.561,1.37042,1.3706,1.75,1.00
2016.10.05 09:32:05.612,1.37042,1.3706,1.75,1.00
2016.10.05 09:32:05.663,1.37042,1.3706,1.50,1.00
2016.10.05 09:32:05.764,1.37042,1.3706,1.50,1.50
2016.10.05 09:32:05.815,1.37044,1.3706,1.00,1.00
2016.10.05 09:32:06.008,1.37048,1.37063,1.00,1.12
2016.10.05 09:32:06.059,1.37048,1.37063,1.00,1.00
2016.10.05 09:32:06.110,1.37047,1.37063,1.75,1.00
2016.10.05 09:32:06.161,1.37048,1.37063,1.12,1.00
2016.10.05 09:32:06.263,1.37047,1.37063,1.75,1.00
2016.10.05 09:32:06.383,1.37047,1.37063,1.87,1.00
2016.10.05 09:32:06.743,1.37047,1.37063,1.12,1.00
2016.10.05 09:32:06.844,1.37048,1.37066,1.75,1.00
2016.10.05 09:32:07.297,1.37046,1.37065,1.12,1.00
2016.10.05 09:32:07.352,1.37046,1.37065,1.37,1.00
2016.10.05 09:32:07.775,1.37045,1.37065,1.87,1.00
2016.10.05 09:32:08.384,1.37045,1.37065,1.87,1.50
2016.10.05 09:32:08.434,1.37045,1.37065,1.87,1.50
2016.10.05 09:32:08.485,1.37045,1.37065,2.25,1.00
2016.10.05 09:32:08.586,1.37045,1.37065,1.75,1.00
2016.10.05 09:32:08.902,1.37045,1.37065,1.75,1.00
2016.10.05 09:32:09.003,1.37045,1.37065,1.87,1.00
2016.10.05 09:32:09.319,1.37045,1.37065,1.87,1.00
2016.10.05 09:32:09.454,1.37051,1.37066,1.00,1.00
2016.10.05 09:32:09.506,1.37054,1.37068,1.00,1.00
2016.10.05 09:32:09.557,1.37054,1.37068,1.75,1.00
2016.10.05 09:32:09.709,1.37054,1.37072,1.75,1.00
2016.10.05 09:32:10.845,1.37054,1.37074,1.75,1.50
2016.10.05 09:32:11.755,1.37054,1.37074,1.75,1.50
2016.10.05 09:32:11.857,1.37054,1.37074,1.75,1.50
2016.10.05 09:32:13.133,1.37054,1.37074,1.75,1.50
2016.10.05 09:32:13.184,1.37054,1.37074,1.75,1.00
2016.10.05 09:32:14.134,1.37054,1.37074,1.75,1.00
2016.10.05 09:32:14.341,1.37054,1.37074,1.75,1.00
2016.10.05 09:32:14.443,1.37054,1.37074,1.75,1.00
2016.10.05 09:32:14.493,1.37054,1.37074,1.75,1.50
2016.10.05 09:32:15.707,1.37054,1.37074,1.75,3.00
2016.10.05 09:32:15.810,1.37054,1.37074,1.75,1.50
2016.10.05 09:32:15.860,1.37054,1.37074,1.75,1.00
2016.10.05 09:32:16.112,1.37053,1.37073,1.75,1.00
2016.10.05 09:32:16.163,1.37053,1.37073,1.75,1.00
2016.10.05 09:32:16.866,1.37053,1.37073,2.25,1.00
2016.10.05 09:32:17.033,1.37053,1.37073,2.25,1.00
2016.10.05 09:32:17.084,1.37053,1.37073,1.75,1.00
2016.10.05 09:32:19.330,1.37052,1.37071,1.75,1.00
2016.10.05 09:32:19.380,1.37052,1.37071,1.75,1.00
2016.10.05 09:32:19.431,1.37052,1.37071,1.12,1.00
2016.10.05 09:32:19.484,1.37051,1.37071,1.50,1.00
2016.10.05 09:32:19.710,1.37051,1.37071,1.50,1.00
2016.10.05 09:32:20.557,1.37051,1.37071,2.25,1.00
2016.10.05 09:32:20.658,1.37051,1.37071,2.25,1.00
2016.10.05 09:32:20.860,1.37051,1.37071,2.25,1.00
2016.10.05 09:32:21.063,1.37055,1.37072,1.00,1.00
2016.10.05 09:32:21.253,1.37056,1.37074,2.25,1.00
2016.10.05 09:32:21.359,1.37056,1.37074,2.25,1.00
2016.10.05 09:32:21.462,1.37056,1.37074,2.25,1.00
2016.10.05 09:32:21.797,1.37056,1.37074,2.25,1.00
2016.10.05 09:32:21.990,1.37056,1.37074,1.75,1.00
2016.10.05 09:32:22.041,1.37054,1.37072,2.25,1.00
2016.10.05 09:32:22.092,1.37054,1.37072,1.00,1.00
2016.10.05 09:32:22.143,1.37052,1.3707,1.12,1.00
2016.10.05 09:32:22.193,1.37052,1.3707,1.00,1.00
2016.10.05 09:32:22.244,1.37051,1.37068,1.00,1.00
2016.10.05 09:32:22.295,1.37051,1.37068,1.00,1.00
2016.10.05 09:32:22.346,1.37047,1.37065,1.95,1.00
2016.10.05 09:32:22.397,1.37047,1.37065,1.57,1.00
2016.10.05 09:32:22.498,1.37047,1.37065,1.10,1.00
2016.10.05 09:32:22.549,1.37045,1.37065,2.32,1.00
2016.10.05 09:32:23.189,1.37045,1.37065,1.57,1.00
2016.10.05 09:32:23.291,1.37045,1.37065,2.32,1.00
2016.10.05 09:32:23.393,1.37045,1.37065,2.32,1.00
2016.10.05 09:32:23.618,1.37045,1.37065,1.75,1.00
2016.10.05 09:32:24.025,1.37048,1.37067,1.00,1.50
2016.10.05 09:32:24.076,1.37048,1.37068,1.00,1.12
2016.10.05 09:32:24.127,1.37051,1.37069,1.00,1.50
2016.10.05 09:32:24.275,1.37051,1.37069,1.75,1.37
2016.10.05 09:32:24.327,1.37052,1.37069,1.75,1.00
2016.10.05 09:32:24.379,1.37053,1.37069,1.75,1.00
2016.10.05 09:32:24.632,1.37053,1.37072,1.75,1.00
2016.10.05 09:32:24.683,1.37053,1.37072,1.75,1.00
2016.10.05 09:32:24.784,1.37053,1.37072,1.75,1.00
2016.10.05 09:32:25.257,1.37053,1.37072,1.75,1.00
2016.10.05 09:32:25.375,1.37053,1.37072,1.75,1.50
2016.10.05 09:32:25.642,1.37053,1.37072,1.75,1.50
2016.10.05 09:32:25.794,1.37053,1.37072,1.75,1.50
2016.10.05 09:32:25.845,1.37053,1.37072,2.25,1.00
2016.10.05 09:32:26.109,1.37053,1.37073,2.25,1.00
2016.10.05 09:32:26.532,1.37053,1.37073,2.25,1.00
2016.10.05 09:32:27.068,1.37053,1.37073,2.25,1.00
2016.10.05 09:32:27.282,1.37053,1.37073,3.00,1.00
2016.10.05 09:32:27.342,1.37053,1.37073,3.00,1.00
2016.10.05 09:32:27.392,1.37053,1.37073,3.00,1.00
2016.10.05 09:32:28.568,1.37054,1.37073,1.75,1.00
2016.10.05 09:32:28.989,1.37056,1.37074,1.50,1.00
2016.10.05 09:32:29.768,1.37056,1.37074,1.50,1.00
2016.10.05 09:32:30.118,1.37056,1.37074,1.50,1.00
2016.10.05 09:32:30.679,1.37056,1.37074,1.50,1.00
2016.10.05 09:32:30.860,1.37056,1.37074,1.50,1.00
2016.10.05 09:32:31.018,1.37056,1.37074,1.50,1.00
2016.10.05 09:32:31.119,1.37056,1.37074,1.50,1.00
2016.10.05 09:32:31.173,1.37057,1.37075,1.12,1.00
2016.10.05 09:32:31.365,1.37057,1.37077,1.12,1.50
2016.10.05 09:32:31.427,1.37057,1.37077,2.25,1.00
2016.10.05 09:32:31.478,1.37061,1.37079,1.00,1.00
2016.10.05 09:32:31.529,1.37061,1.37079,1.75,1.00
2016.10.05 09:32:31.580,1.37065,1.37079,1.00,1.00
2016.10.05 09:32:31.631,1.37065,1.37079,1.75,1.00
2016.10.05 09:32:31.682,1.37069,1.37079,1.00,1.00
2016.10.05 09:32:31.732,1.37069,1.37083,1.00,1.00
2016.10.05 09:32:31.783,1.37069,1.37083,1.50,1.00
2016.10.05 09:32:31.834,1.37069,1.37087,1.50,1.00
2016.10.05 09:32:32.032,1.37069,1.37087,1.50,1.00
2016.10.05 09:32:32.285,1.37069,1.37087,1.50,1.00
2016.10.05 09:32:32.528,1.37069,1.37086,1.75,1.00
2016.10.05 09:32:32.896,1.37069,1.37087,1.75,1.00
2016.10.05 09:32:32.998,1.37069,1.37087,1.75,1.00
2016.10.05 09:32:33.099,1.37069,1.37087,1.75,1.50
2016.10.05 09:32:33.150,1.37069,1.37086,1.75,1.12
2016.10.05 09:32:33.325,1.37065,1.37081,1.12,1.00
2016.10.05 09:32:33.377,1.37065,1.37081,1.00,1.50
2016.10.05 09:32:33.480,1.37063,1.37081,1.50,1.50
2016.10.05 09:32:33.531,1.37063,1.37081,1.50,1.75
2016.10.05 09:32:34.169,1.37063,1.37081,1.50,1.12
2016.10.05 09:32:34.334,1.37064,1.37081,1.00,1.12
2016.10.05 09:32:35.035,1.37063,1.37081,1.00,1.12
2016.10.05 09:32:35.628,1.37063,1.37079,1.00,1.00
2016.10.05 09:32:35.730,1.37063,1.37081,1.00,1.12
2016.10.05 09:32:35.831,1.37063,1.37081,1.00,1.75
2016.10.05 09:32:35.972,1.37063,1.37081,1.00,1.75
2016.10.05 09:32:36.175,1.37063,1.37081,1.50,1.75
2016.10.05 09:32:36.499,1.37063,1.37081,1.50,1.75
2016.10.05 09:32:39.762,1.37063,1.37081,1.00,1.75
2016.10.05 09:32:43.537,1.37063,1.37081,1.00,1.75
2016.10.05 09:32:43.765,1.37063,1.37081,1.00,1.75
2016.10.05 09:32:43.867,1.37063,1.37081,1.00,1.12
2016.10.05 09:32:52.702,1.37063,1.37081,1.50,1.12
2016.10.05 09:32:52.867,1.37063,1.37081,1.00,1.12
2016.10.05 09:32:55.877,1.37063,1.37081,1.50,1.12
2016.10.05 09:32:58.451,1.37063,1.37081,2.25,1.12
2016.10.05 09:33:00.861,1.37063,1.37081,1.50,1.12
2016.10.05 09:33:09.589,1.37063,1.37081,1.50,1.12
2016.10.05 09:33:09.711,1.37063,1.37081,1.75,1.00
2016.10.05 09:33:10.612,1.37063,1.37081,1.75,1.00
2016.10.05 09:33:11.768,1.37063,1.37081,2.25,1.00
2016.10.05 09:33:12.728,1.37063,1.37081,1.75,1.00
2016.10.05 09:33:12.779,1.37063,1.37081,1.75,1.00
2016.10.05 09:33:17.097,1.37063,1.37081,1.00,1.75
2016.10.05 09:33:17.301,1.37063,1.37081,1.00,1.75
2016.10.05 09:33:18.010,1.37063,1.37081,1.00,1.75
2016.10.05 09:33:18.804,1.37063,1.37081,1.00,1.75
2016.10.05 09:33:19.253,1.37063,1.37081,1.00,1.75
2016.10.05 09:33:22.865,1.37063,1.37081,1.00,1.75
2016.10.05 09:33:22.966,1.37063,1.37081,1.00,1.75
2016.10.05 09:33:23.882,1.37063,1.37081,1.00,1.75
2016.10.05 09:33:24.107,1.37063,1.37081,1.00,1.12
2016.10.05 09:33:25.954,1.37064,1.37082,1.00,1.50
2016.10.05 09:33:26.053,1.37064,1.37082,1.00,1.50
2016.10.05 09:33:27.133,1.37064,1.37082,1.50,1.50
2016.10.05 09:33:31.412,1.37064,1.37082,1.00,1.50
2016.10.05 09:33:32.567,1.37064,1.37082,1.00,1.50
2016.10.05 09:33:34.387,1.37064,1.37082,1.00,1.50
2016.10.05 09:33:34.488,1.37064,1.37082,1.00,1.50
2016.10.05 09:33:34.590,1.37064,1.37082,1.00,1.50
2016.10.05 09:33:36.312,1.37064,1.37082,1.00,1.50
2016.10.05 09:33:37.085,1.37064,1.37082,1.00,1.50
2016.10.05 09:33:37.983,1.37064,1.37082,1.00,2.25
2016.10.05 09:33:38.189,1.37064,1.37082,1.00,2.25
2016.10.05 09:33:38.415,1.37064,1.37082,1.00,2.25
2016.10.05 09:33:39.368,1.37064,1.37082,1.00,1.50
2016.10.05 09:33:40.961,1.37062,1.37082,1.12,1.50
2016.10.05 09:33:41.012,1.37062,1.37082,1.87,1.50
2016.10.05 09:33:43.988,1.37062,1.37082,2.62,1.50
2016.10.05 09:33:44.195,1.37062,1.37082,2.62,1.50
2016.10.05 09:33:44.254,1.37062,1.37082,1.87,1.50
2016.10.05 09:33:44.543,1.37062,1.37082,2.62,1.50
2016.10.05 09:33:44.844,1.37062,1.37082,1.87,2.25
2016.10.05 09:33:45.185,1.37062,1.37082,1.12,3.00
2016.10.05 09:33:45.460,1.37062,1.37082,1.87,2.25
2016.10.05 09:33:45.511,1.37062,1.37082,1.87,2.25
2016.10.05 09:33:45.886,1.37062,1.37082,2.62,1.50
2016.10.05 09:33:47.617,1.37062,1.37082,2.62,1.50
2016.10.05 09:33:47.955,1.37064,1.37082,1.00,1.50
2016.10.05 09:33:48.156,1.37064,1.37082,1.00,1.50
2016.10.05 09:33:49.095,1.37062,1.37082,2.62,1.50
2016.10.05 09:33:49.751,1.37063,1.37082,1.00,1.50
2016.10.05 09:33:50.264,1.37063,1.37082,1.00,2.25
2016.10.05 09:33:50.450,1.37063,1.37082,1.00,1.50
2016.10.05 09:33:52.263,1.37063,1.37082,1.00,2.25
2016.10.05 09:33:53.858,1.37062,1.37082,1.87,2.25
2016.10.05 09:33:54.117,1.37062,1.37082,1.87,1.50
2016.10.05 09:33:54.579,1.37064,1.37082,1.12,1.50
2016.10.05 09:33:54.734,1.37065,1.37082,1.00,1.50
2016.10.05 09:33:55.206,1.37063,1.37082,1.50,1.50
2016.10.05 09:33:55.997,1.37063,1.37083,2.25,1.75
2016.10.05 09:33:58.989,1.37064,1.37083,1.12,1.75
2016.10.05 09:33:59.090,1.37066,1.37083,1.00,1.75
2016.10.05 09:33:59.193,1.37064,1.37083,1.12,1.75
2016.10.05 09:33:59.672,1.37065,1.37083,1.00,1.75
2016.10.05 09:33:59.958,1.37065,1.37083,1.12,1.50
2016.10.05 09:34:00.207,1.37065,1.37083,1.12,1.50
2016.10.05 09:34:01.330,1.37065,1.37082,1.12,1.12
2016.10.05 09:34:02.420,1.37066,1.37084,1.00,1.75
2016.10.05 09:34:02.521,1.37066,1.37084,2.62,1.12
2016.10.05 09:34:02.576,1.37067,1.37084,1.12,1.12
2016.10.05 09:34:02.627,1.37068,1.37086,1.12,1.50
2016.10.05 09:34:02.829,1.37068,1.37086,1.12,1.50
2016.10.05 09:34:02.882,1.37068,1.37086,1.12,1.50
2016.10.05 09:34:03.223,1.37068,1.37086,1.12,1.00
2016.10.05 09:34:03.825,1.3707,1.37086,1.00,1.00
2016.10.05 09:34:03.876,1.3707,1.37089,1.00,1.50
2016.10.05 09:34:03.927,1.37068,1.37088,1.87,1.50
2016.10.05 09:34:03.977,1.37068,1.37088,1.87,1.50
2016.10.05 09:34:04.028,1.37068,1.37088,1.00,1.87
2016.10.05 09:34:04.208,1.37068,1.37088,1.00,2.25
2016.10.05 09:34:04.282,1.37068,1.37087,1.00,1.12
2016.10.05 09:34:04.384,1.37068,1.37087,1.00,1.12
2016.10.05 09:34:04.434,1.37067,1.37085,1.12,1.00
2016.10.05 09:34:04.485,1.37067,1.37085,1.00,1.75
2016.10.05 09:34:05.284,1.37067,1.37085,1.50,1.12
2016.10.05 09:34:05.385,1.37067,1.37085,1.50,1.12
2016.10.05 09:34:05.487,1.37067,1.37085,1.50,1.87
2016.10.05 09:34:05.588,1.37067,1.37085,1.00,2.25
2016.10.05 09:34:05.899,1.37065,1.37085,1.12,2.25
2016.10.05 09:34:05.955,1.37065,1.37085,1.12,2.25
2016.10.05 09:34:06.485,1.37065,1.37085,1.12,1.75
2016.10.05 09:34:06.536,1.37063,1.37083,2.25,1.50
2016.10.05 09:34:06.587,1.37063,1.37083,2.25,1.50
2016.10.05 09:34:06.638,1.37063,1.37083,2.62,1.50
2016.10.05 09:34:06.832,1.37063,1.37083,3.37,1.50
2016.10.05 09:34:06.934,1.37063,1.37083,3.00,1.50
2016.10.05 09:34:07.989,1.37063,1.37083,2.25,1.00
2016.10.05 09:34:08.040,1.37066,1.37086,1.50,2.25
2016.10.05 09:34:08.090,1.37067,1.37086,1.12,1.75
2016.10.05 09:34:08.141,1.37067,1.37086,1.50,1.50
2016.10.05 09:34:08.192,1.37066,1.37086,2.25,1.50
2016.10.05 09:34:08.242,1.37066,1.37086,2.25,1.00
2016.10.05 09:34:08.293,1.37066,1.37086,2.25,1.00
2016.10.05 09:34:08.394,1.37066,1.37086,2.25,1.00
2016.10.05 09:34:08.496,1.37066,1.37086,1.75,1.00
2016.10.05 09:34:08.672,1.37066,1.37086,1.50,1.12
2016.10.05 09:34:08.723,1.37066,1.37086,1.50,1.87
2016.10.05 09:34:08.825,1.37066,1.37086,1.50,1.12
2016.10.05 09:34:09.039,1.37068,1.37086,1.00,1.12
2016.10.05 09:34:09.518,1.37068,1.37086,1.00,1.12
2016.10.05 09:34:09.569,1.37068,1.37086,1.12,1.00
2016.10.05 09:34:09.620,1.37068,1.37086,1.12,1.00
2016.10.05 09:34:09.996,1.37068,1.37086,1.12,1.00
2016.10.05 09:34:10.097,1.37068,1.37086,1.12,1.00
2016.10.05 09:34:10.892,1.37068,1.37086,1.12,1.00
2016.10.05 09:34:10.994,1.37068,1.37086,1.12,1.00
2016.10.05 09:34:11.044,1.37069,1.37087,1.00,1.12
2016.10.05 09:34:11.095,1.37069,1.37087,1.00,1.00
2016.10.05 09:34:11.405,1.37069,1.37087,1.12,1.50
2016.10.05 09:34:12.003,1.37069,1.37087,1.12,1.50
2016.10.05 09:34:12.104,1.37069,1.37087,1.12,1.50
2016.10.05 09:34:12.206,1.37069,1.37087,1.12,1.50
2016.10.05 09:34:13.793,1.37069,1.37087,1.12,1.50
2016.10.05 09:34:14.077,1.37069,1.37088,1.00,1.00
2016.10.05 09:34:14.128,1.37069,1.37088,1.50,1.00
2016.10.05 09:34:14.229,1.37069,1.37088,1.00,1.00
2016.10.05 09:34:15.472,1.37069,1.37088,1.50,1.00
2016.10.05 09:34:15.523,1.37069,1.37088,1.50,1.00
2016.10.05 09:34:15.624,1.37069,1.37088,1.00,1.00
2016.10.05 09:34:16.236,1.37069,1.37088,1.12,1.50
2016.10.05 09:34:16.520,1.37069,1.37088,1.12,1.50
2016.10.05 09:34:16.571,1.37069,1.37088,1.00,1.50
2016.10.05 09:34:16.622,1.37069,1.37088,1.00,2.25
2016.10.05 09:34:16.723,1.37069,1.37086,1.00,1.12
2016.10.05 09:34:19.610,1.37069,1.37088,1.00,2.25
2016.10.05 09:34:19.660,1.37069,1.37088,1.00,2.25
2016.10.05 09:34:20.736,1.37069,1.37088,1.00,2.25
2016.10.05 09:34:20.838,1.37069,1.37088,1.00,2.25
2016.10.05 09:34:20.939,1.37069,1.37088,1.00,2.25
2016.10.05 09:34:21.041,1.37069,1.37088,1.00,2.25
2016.10.05 09:34:21.234,1.37069,1.37088,1.00,2.25
2016.10.05 09:34:21.514,1.37069,1.37087,1.00,1.50
2016.10.05 09:34:21.565,1.37069,1.37087,1.00,1.50
2016.10.05 09:34:21.740,1.37069,1.37087,1.00,1.50
2016.10.05 09:34:21.965,1.37069,1.37087,1.00,1.50
2016.10.05 09:34:22.243,1.37069,1.37086,1.00,1.12
2016.10.05 09:34:23.246,1.37069,1.37087,1.00,1.50
2016.10.05 09:34:23.298,1.37068,1.37086,1.00,1.12
2016.10.05 09:34:23.483,1.37068,1.37085,1.00,1.00
2016.10.05 09:34:23.971,1.37068,1.37085,1.00,1.00
2016.10.05 09:34:24.620,1.37068,1.37086,1.00,1.12
2016.10.05 09:34:25.551,1.37068,1.37086,1.00,1.12
2016.10.05 09:34:25.965,1.37068,1.37086,1.00,1.00
2016.10.05 09:34:26.760,1.37068,1.37086,1.50,1.00
2016.10.05 09:34:26.958,1.37069,1.37088,1.00,1.50
2016.10.05 09:34:27.150,1.37069,1.37088,1.50,1.50
2016.10.05 09:34:27.267,1.37069,1.37088,1.50,1.50
2016.10.05 09:34:27.368,1.37069,1.37088,1.87,1.75
2016.10.05 09:34:27.470,1.37068,1.37086,1.00,1.12
2016.10.05 09:34:27.894,1.37068,1.37086,1.00,1.12
2016.10.05 09:34:28.062,1.37068,1.37086,1.00,1.12
2016.10.05 09:34:29.166,1.37068,1.37086,1.00,1.12
2016.10.05 09:34:31.066,1.37068,1.37086,1.00,1.12
2016.10.05 09:34:31.260,1.37068,1.37086,1.00,1.12
2016.10.05 09:34:31.311,1.37068,1.37086,1.00,1.12
2016.10.05 09:34:31.413,1.37064,1.37082,1.75,1.00
2016.10.05 09:34:31.577,1.37064,1.37082,1.50,1.12
2016.10.05 09:34:31.771,1.37063,1.37082,1.75,1.12
2016.10.05 09:34:31.914,1.37063,1.37082,1.75,1.12
2016.10.05 09:34:32.072,1.37062,1.37082,2.25,1.12
2016.10.05 09:34:32.479,1.37063,1.37082,1.75,1.12
2016.10.05 09:34:35.272,1.37062,1.37082,3.00,1.12
2016.10.05 09:34:36.040,1.37063,1.37082,1.12,1.12
2016.10.05 09:34:36.469,1.37063,1.37082,1.12,1.12
2016.10.05 09:34:37.202,1.37063,1.37082,1.12,1.12
2016.10.05 09:34:37.309,1.37063,1.37082,1.12,1.12
2016.10.05 09:34:37.794,1.37063,1.37082,1.12,1.12
2016.10.05 09:34:38.045,1.37063,1.37082,1.12,1.12
2016.10.05 09:34:38.096,1.37063,1.37082,1.12,1.12
2016.10.05 09:34:38.587,1.37062,1.37082,2.25,1.87
2016.10.05 09:34:38.638,1.37062,1.37082,1.50,1.87
2016.10.05 09:34:38.689,1.37062,1.37082,1.12,3.00
2016.10.05 09:34:38.790,1.3706,1.3708,1.50,1.87
2016.10.05 09:34:38.892,1.3706,1.37078,1.50,1.00
2016.10.05 09:34:38.942,1.3706,1.37078,1.12,1.00
2016.10.05 09:34:39.093,1.3706,1.37076,1.12,1.00
2016.10.05 09:34:39.146,1.37059,1.37076,1.00,1.50
2016.10.05 09:34:39.197,1.37059,1.37076,1.00,2.25
2016.10.05 09:34:39.371,1.37059,1.37076,1.00,1.50
2016.10.05 09:34:39.472,1.37059,1.37076,1.00,1.75
2016.10.05 09:34:39.865,1.37059,1.37076,1.00,2.25
2016.10.05 09:34:39.916,1.37056,1.37076,1.50,3.00
2016.10.05 09:34:39.967,1.37056,1.37075,1.50,1.50
2016.10.05 09:34:40.017,1.37056,1.37075,1.00,1.50
2016.10.05 09:34:40.324,1.37056,1.37075,1.00,1.50
2016.10.05 09:34:40.375,1.37056,1.37072,1.00,1.00
2016.10.05 09:34:40.426,1.37052,1.3707,1.75,1.00
2016.10.05 09:34:40.606,1.37052,1.3707,1.75,1.50
2016.10.05 09:34:40.657,1.37052,1.3707,1.00,2.25
2016.10.05 09:34:40.708,1.37052,1.3707,1.00,2.25
2016.10.05 09:34:40.809,1.37052,1.3707,1.00,2.25
2016.10.05 09:34:40.860,1.37052,1.3707,1.50,1.75
2016.10.05 09:34:40.962,1.37053,1.3707,1.00,1.75
2016.10.05 09:34:41.136,1.37053,1.3707,1.00,1.50
2016.10.05 09:34:41.186,1.37054,1.3707,1.00,1.50
2016.10.05 09:34:41.237,1.37054,1.3707,1.00,1.00
2016.10.05 09:34:41.288,1.37056,1.3707,1.00,1.00
2016.10.05 09:34:41.828,1.37055,1.3707,1.00,1.00
2016.10.05 09:34:41.931,1.37055,1.37073,1.50,1.50
2016.10.05 09:34:41.986,1.37057,1.37073,1.00,1.50
2016.10.05 09:34:42.088,1.37055,1.37073,2.25,1.12
2016.10.05 09:34:42.190,1.37057,1.37073,1.00,1.12
2016.10.05 09:34:42.342,1.37057,1.37073,1.00,1.00
2016.10.05 09:34:43.220,1.37056,1.37073,1.12,1.00
2016.10.05 09:34:43.271,1.37055,1.37073,1.50,1.00
2016.10.05 09:34:43.372,1.37056,1.37073,1.12,1.00
2016.10.05 09:34:44.760,1.37057,1.37073,1.00,1.00
2016.10.05 09:34:45.021,1.37056,1.37073,1.12,1.00
2016.10.05 09:34:45.173,1.37055,1.37073,2.25,1.00
2016.10.05 09:34:45.224,1.37055,1.37073,2.25,1.00
2016.10.05 09:34:45.849,1.37055,1.37073,2.25,1.00
2016.10.05 09:34:46.214,1.37055,1.37073,2.25,1.00
2016.10.05 09:34:46.265,1.37056,1.37073,1.12,1.00
2016.10.05 09:34:46.417,1.37058,1.37076,1.00,1.50
2016.10.05 09:34:46.703,1.37058,1.37076,1.00,1.12
2016.10.05 09:34:47.016,1.37054,1.37074,3.37,1.00
2016.10.05 09:34:47.151,1.37054,1.37074,3.37,1.00
2016.10.05 09:34:47.558,1.37059,1.37077,1.00,1.50
2016.10.05 09:34:49.795,1.37059,1.37077,1.00,1.12
2016.10.05 09:34:50.152,1.37059,1.37077,1.00,1.12
2016.10.05 09:34:54.650,1.37059,1.37077,1.00,1.12
2016.10.05 09:34:55.381,1.37059,1.37077,1.00,1.12
2016.10.05 09:34:56.547,1.37059,1.37077,1.50,1.12
2016.10.05 09:34:56.599,1.3706,1.37078,1.00,1.50
2016.10.05 09:34:56.650,1.3706,1.37078,1.12,1.50
2016.10.05 09:34:58.975,1.3706,1.37078,1.50,1.00
2016.10.05 09:34:59.633,1.3706,1.37078,2.25,1.00
2016.10.05 09:35:01.451,1.37061,1.37079,1.50,1.00
2016.10.05 09:35:01.701,1.37061,1.37079,1.50,1.00
2016.10.05 09:35:01.803,1.37061,1.37079,2.25,1.00
2016.10.05 09:35:01.854,1.37061,1.37081,2.25,1.12
2016.10.05 09:35:01.905,1.37062,1.37081,1.12,1.12
2016.10.05 09:35:01.957,1.37062,1.37081,1.12,1.12
2016.10.05 09:35:02.008,1.37063,1.37081,1.75,1.00
2016.10.05 09:35:02.114,1.37064,1.37081,1.50,1.00
2016.10.05 09:35:02.165,1.37064,1.37081,1.75,1.00
2016.10.05 09:35:02.267,1.37064,1.37083,1.75,1.00
2016.10.05 09:35:02.414,1.37064,1.37083,1.75,1.00
2016.10.05 09:35:02.538,1.37063,1.37083,2.25,1.00
2016.10.05 09:35:02.743,1.37063,1.37083,1.75,1.00
2016.10.05 09:35:02.794,1.37063,1.37083,1.75,1.00
2016.10.05 09:35:02.997,1.37063,1.37083,1.75,1.00
2016.10.05 09:35:03.048,1.37063,1.37083,1.75,1.00
2016.10.05 09:35:03.098,1.37063,1.37083,1.75,1.00
2016.10.05 09:35:05.182,1.37063,1.37083,1.75,1.00
2016.10.05 09:35:05.283,1.37064,1.37083,1.75,1.00
2016.10.05 09:35:05.890,1.37064,1.37083,1.75,1.00
2016.10.05 09:35:05.992,1.37065,1.37083,1.50,1.00
2016.10.05 09:35:06.187,1.37065,1.37083,1.50,1.00
2016.10.05 09:35:07.418,1.37065,1.37083,1.50,1.00
2016.10.05 09:35:07.645,1.37065,1.37083,1.75,1.00
2016.10.05 09:35:08.503,1.37067,1.37085,1.50,1.00
2016.10.05 09:35:08.636,1.37067,1.37085,1.50,1.00
2016.10.05 09:35:09.695,1.37067,1.37085,1.50,1.00
2016.10.05 09:35:09.746,1.37067,1.37085,1.50,1.50
2016.10.05 09:35:09.960,1.37067,1.37084,1.50,1.00
2016.10.05 09:35:11.169,1.37065,1.37084,1.75,1.00
2016.10.05 09:35:11.219,1.37065,1.37084,1.75,1.00
2016.10.05 09:35:12.211,1.37065,1.37084,1.75,1.00
2016.10.05 09:35:13.053,1.37065,1.37084,1.75,1.00
2016.10.05 09:35:13.213,1.37065,1.37084,1.75,1.00
2016.10.05 09:35:13.539,1.37065,1.37084,1.75,1.00
2016.10.05 09:35:13.641,1.37065,1.37085,1.75,1.50
2016.10.05 09:35:14.028,1.37065,1.37085,1.75,1.50
2016.10.05 09:35:14.255,1.37065,1.37085,1.75,1.00
2016.10.05 09:35:16.044,1.37065,1.37085,1.75,1.00
2016.10.05 09:35:16.275,1.37065,1.37085,1.75,1.00
2016.10.05 09:35:16.445,1.37066,1.37086,1.75,1.00
2016.10.05 09:35:16.680,1.37066,1.37086,3.00,1.00
2016.10.05 09:35:16.890,1.37066,1.37086,3.37,1.00
2016.10.05 09:35:16.941,1.37066,1.37086,3.37,1.00
2016.10.05 09:35:17.518,1.37066,1.37086,3.37,1.00
2016.10.05 09:35:17.569,1.37066,1.37086,3.37,1.00
2016.10.05 09:35:17.622,1.37066,1.37086,3.00,1.00
2016.10.05 09:35:17.674,1.37066,1.37086,2.25,1.00
2016.10.05 09:35:17.776,1.37066,1.37086,2.25,1.50
2016.10.05 09:35:18.181,1.37066,1.37085,2.25,1.00
2016.10.05 09:35:18.232,1.37065,1.37083,1.75,1.00
2016.10.05 09:35:18.284,1.37065,1.37083,1.75,1.00
2016.10.05 09:35:18.335,1.37063,1.37081,1.75,1.00
2016.10.05 09:35:18.565,1.37063,1.37081,1.75,1.00
2016.10.05 09:35:18.615,1.37063,1.37081,1.75,1.00
2016.10.05 09:35:18.717,1.37061,1.37081,1.75,1.00
2016.10.05 09:35:18.768,1.37061,1.37081,1.75,1.00
2016.10.05 09:35:18.939,1.37061,1.37081,1.75,1.00
2016.10.05 09:35:19.101,1.37061,1.37081,1.75,1.00
2016.10.05 09:35:19.276,1.37061,1.37081,1.75,1.50
2016.10.05 09:35:20.241,1.37061,1.3708,1.75,1.00
2016.10.05 09:35:23.345,1.37061,1.37081,1.75,1.00
2016.10.05 09:35:24.346,1.37061,1.3708,1.75,1.00
2016.10.05 09:35:25.566,1.37061,1.37081,1.75,1.50
2016.10.05 09:35:26.155,1.37061,1.37081,1.75,1.50
2016.10.05 09:35:26.206,1.3706,1.3708,1.75,1.00
2016.10.05 09:35:27.989,1.3706,1.3708,1.75,1.00
2016.10.05 09:35:28.838,1.3706,1.3708,1.75,1.00
2016.10.05 09:35:29.054,1.3706,1.3708,1.75,1.00
2016.10.05 09:35:29.298,1.3706,1.3708,2.25,1.00
2016.10.05 09:35:29.659,1.37059,1.37078,1.75,1.00
2016.10.05 09:35:29.710,1.37058,1.37077,1.75,1.00
2016.10.05 09:35:29.761,1.37055,1.37075,2.25,1.00
2016.10.05 09:35:29.812,1.37055,1.37075,2.25,1.00
2016.10.05 09:35:29.870,1.37055,1.37074,2.25,1.12
2016.10.05 09:35:29.921,1.37055,1.37074,1.75,1.12
2016.10.05 09:35:29.972,1.37055,1.37075,1.75,2.25
2016.10.05 09:35:30.074,1.37055,1.37075,1.75,1.50
2016.10.05 09:35:30.124,1.37057,1.37076,1.12,1.75
2016.10.05 09:35:30.175,1.37057,1.37077,1.12,2.25
2016.10.05 09:35:30.412,1.37057,1.37077,1.75,1.50
2016.10.05 09:35:30.674,1.37057,1.37077,2.25,1.50
2016.10.05 09:35:31.188,1.37057,1.37077,2.25,1.50
2016.10.05 09:35:31.289,1.37057,1.37077,2.25,1.50
2016.10.05 09:35:31.391,1.37057,1.37077,1.75,1.50
2016.10.05 09:35:32.078,1.37057,1.37077,1.75,1.50
2016.10.05 09:35:32.137,1.37057,1.37077,2.25,1.50
2016.10.05 09:35:32.207,1.37057,1.37077,2.62,1.50
2016.10.05 09:35:32.258,1.37057,1.37077,2.62,1.00
2016.10.05 09:35:32.309,1.37058,1.37077,1.50,1.00
2016.10.05 09:35:32.360,1.37059,1.37077,1.12,1.00
2016.10.05 09:35:32.411,1.37059,1.37077,1.75,1.00
2016.10.05 09:35:34.333,1.3706,1.37078,1.50,1.00
2016.10.05 09:35:34.385,1.3706,1.37078,2.25,1.00
2016.10.05 09:35:34.486,1.3706,1.37078,2.62,1.00
2016.10.05 09:35:34.588,1.3706,1.37078,2.25,1.00
2016.10.05 09:35:35.706,1.3706,1.37078,1.50,1.00
2016.10.05 09:35:35.808,1.3706,1.37078,2.25,1.00
2016.10.05 09:35:36.570,1.3706,1.37078,2.62,1.00
2016.10.05 09:35:36.621,1.3706,1.37078,2.62,1.00
2016.10.05 09:35:36.773,1.3706,1.37078,1.87,1.00
2016.10.05 09:35:38.612,1.3706,1.37078,1.50,1.00
2016.10.05 09:35:38.816,1.3706,1.37078,1.50,1.00
2016.10.05 09:35:38.867,1.37059,1.37076,1.50,1.00
2016.10.05 09:35:39.057,1.37058,1.37076,1.87,1.00
2016.10.05 09:35:39.124,1.37058,1.37076,1.12,1.00
2016.10.05 09:35:39.360,1.37056,1.37075,1.75,1.00
2016.10.05 09:35:39.411,1.37055,1.37075,1.87,1.00
2016.10.05 09:35:39.647,1.37056,1.37072,1.12,1.00
2016.10.05 09:35:39.755,1.37055,1.37072,1.37,1.00
2016.10.05 09:35:39.806,1.37054,1.37072,1.75,1.00
2016.10.05 09:35:39.969,1.37054,1.37072,1.50,1.00
2016.10.05 09:35:40.353,1.37053,1.37071,1.87,1.00
2016.10.05 09:35:40.404,1.37053,1.37071,1.12,1.00
2016.10.05 09:35:40.505,1.37053,1.37071,1.12,1.00
2016.10.05 09:35:41.265,1.37053,1.37071,1.12,1.00
2016.10.05 09:35:42.276,1.37053,1.37071,1.12,1.00
2016.10.05 09:35:42.327,1.37053,1.37071,1.12,1.00
2016.10.05 09:35:42.479,1.37053,1.37073,1.87,1.00
2016.10.05 09:35:42.530,1.37053,1.37073,2.62,1.00
2016.10.05 09:35:42.631,1.37053,1.37073,2.62,1.00
2016.10.05 09:35:42.732,1.37053,1.37073,2.62,1.00
2016.10.05 09:35:42.931,1.37053,1.37073,1.87,1.00
2016.10.05 09:35:43.532,1.37053,1.37073,2.62,1.00
2016.10.05 09:35:44.335,1.37055,1.37073,1.12,1.00
2016.10.05 09:35:44.476,1.37055,1.37073,1.12,1.00
2016.10.05 09:35:45.624,1.37053,1.37073,2.62,1.00
2016.10.05 09:35:45.725,1.37053,1.37073,1.87,1.00
2016.10.05 09:35:45.878,1.37053,1.37073,1.87,1.50
2016.10.05 09:35:46.450,1.37053,1.37071,1.12,1.00
2016.10.05 09:35:46.551,1.37053,1.37071,1.12,1.00
2016.10.05 09:35:48.527,1.37053,1.37071,1.12,1.00
2016.10.05 09:35:48.577,1.37052,1.37071,1.87,1.00
2016.10.05 09:35:48.943,1.37052,1.37071,1.12,1.00
2016.10.05 09:35:49.177,1.37052,1.37071,1.12,1.00
2016.10.05 09:35:49.228,1.37052,1.37071,1.12,1.00
2016.10.05 09:35:52.210,1.37052,1.37071,1.87,1.00
2016.10.05 09:35:53.903,1.37052,1.37071,1.12,1.00
2016.10.05 09:35:54.014,1.37052,1.37071,1.87,1.00
2016.10.05 09:35:54.819,1.37052,1.37071,1.12,1.00
2016.10.05 09:35:55.306,1.37052,1.37071,1.12,1.00
2016.10.05 09:35:56.480,1.37053,1.37071,1.12,1.00
2016.10.05 09:35:58.785,1.37052,1.37071,1.12,1.00
2016.10.05 09:35:59.399,1.37053,1.37071,1.12,1.00
2016.10.05 09:35:59.449,1.37053,1.37071,1.12,1.00
2016.10.05 09:36:03.404,1.37053,1.37071,1.12,1.00
2016.10.05 09:36:03.455,1.37053,1.37071,1.12,1.00
2016.10.05 09:36:05.269,1.37053,1.37071,1.87,1.00
2016.10.05 09:36:07.277,1.37053,1.37071,1.87,1.00
2016.10.05 09:36:07.846,1.37053,1.37071,1.87,1.00
2016.10.05 09:36:08.002,1.37054,1.37071,1.75,1.00
2016.10.05 09:36:08.104,1.37054,1.37071,1.75,1.00
2016.10.05 09:36:08.154,1.37055,1.37071,1.12,1.00
2016.10.05 09:36:10.387,1.37055,1.37071,1.12,1.00
2016.10.05 09:36:11.268,1.37055,1.37071,1.12,1.00
2016.10.05 09:36:11.841,1.37055,1.37072,1.12,1.00
2016.10.05 09:36:12.773,1.37056,1.37072,1.50,1.00
2016.10.05 09:36:12.824,1.37056,1.37074,2.25,1.00
2016.10.05 09:36:12.925,1.37056,1.37074,2.25,1.00
2016.10.05 09:36:12.976,1.37057,1.37074,1.75,1.00
2016.10.05 09:36:13.027,1.37057,1.37074,1.87,1.00
2016.10.05 09:36:13.077,1.37057,1.37074,1.12,1.00
2016.10.05 09:36:15.326,1.37056,1.37074,1.75,1.00
2016.10.05 09:36:16.497,1.37056,1.37076,1.75,1.00
2016.10.05 09:36:16.612,1.37056,1.37076,1.75,1.00
2016.10.05 09:36:17.816,1.37056,1.37076,1.75,1.00
2016.10.05 09:36:20.557,1.37056,1.37076,1.87,1.00
2016.10.05 09:36:20.607,1.37056,1.37076,1.87,1.00
2016.10.05 09:36:21.938,1.37056,1.37076,1.87,1.00
2016.10.05 09:36:21.989,1.37056,1.37076,1.87,1.00
2016.10.05 09:36:22.039,1.37056,1.37073,1.12,1.00
2016.10.05 09:36:22.140,1.37055,1.37073,1.75,1.00
2016.10.05 09:36:22.280,1.37053,1.37072,1.75,1.00
2016.10.05 09:36:22.331,1.37052,1.37072,1.87,1.50
2016.10.05 09:36:22.483,1.37052,1.37072,2.62,1.00
2016.10.05 09:36:23.111,1.37052,1.37072,2.62,1.00
2016.10.05 09:36:23.214,1.37052,1.37072,2.62,1.00
2016.10.05 09:36:23.265,1.37052,1.37072,1.87,1.00
2016.10.05 09:36:24.202,1.37052,1.37072,1.87,1.00
2016.10.05 09:36:24.304,1.37052,1.37072,2.62,1.00
2016.10.05 09:36:25.133,1.37052,1.37072,2.62,1.00
2016.10.05 09:36:26.348,1.37052,1.37071,1.87,1.00
2016.10.05 09:36:27.870,1.37055,1.37071,1.12,1.00
2016.10.05 09:36:27.921,1.37055,1.37071,1.75,1.00
2016.10.05 09:36:28.227,1.37055,1.37071,1.75,1.00
2016.10.05 09:36:29.286,1.37054,1.37071,1.12,1.00
2016.10.05 09:36:29.337,1.37054,1.37074,1.87,1.00
2016.10.05 09:36:29.388,1.37055,1.37074,1.75,1.00
2016.10.05 09:36:29.550,1.37055,1.37074,1.87,1.00
2016.10.05 09:36:30.006,1.37056,1.37074,1.75,1.00
2016.10.05 09:36:30.280,1.37055,1.37074,1.87,1.00
2016.10.05 09:36:31.614,1.37056,1.37074,1.75,1.00
2016.10.05 09:36:33.519,1.37055,1.37074,1.87,1.00
2016.10.05 09:36:34.221,1.37055,1.37074,1.12,1.00
2016.10.05 09:36:34.323,1.37055,1.37074,1.87,1.00
2016.10.05 09:36:34.504,1.37055,1.37074,1.87,1.00
2016.10.05 09:36:34.788,1.37056,1.37074,1.75,1.00
2016.10.05 09:36:36.198,1.37055,1.37074,1.12,1.00
2016.10.05 09:36:36.724,1.37054,1.37074,3.37,1.00
2016.10.05 09:36:36.825,1.37054,1.37074,2.62,1.00
2016.10.05 09:36:36.927,1.37055,1.37074,1.75,1.00
2016.10.05 09:36:36.977,1.37055,1.37074,1.75,1.00
2016.10.05 09:36:37.028,1.37056,1.37074,1.12,1.00
2016.10.05 09:36:37.079,1.37056,1.37076,2.62,1.00
2016.10.05 09:36:37.130,1.37056,1.37076,2.25,1.00
2016.10.05 09:36:37.310,1.37058,1.37078,1.50,1.50
2016.10.05 09:36:37.361,1.37058,1.37078,1.50,1.50
2016.10.05 09:36:37.482,1.37058,1.37078,1.50,1.50
2016.10.05 09:36:38.136,1.3706,1.37078,1.00,1.50
2016.10.05 09:36:38.385,1.3706,1.37078,1.00,1.00
2016.10.05 09:36:38.926,1.3706,1.37078,1.00,1.50
2016.10.05 09:36:39.051,1.3706,1.37078,1.00,1.50
2016.10.05 09:36:39.102,1.3706,1.37078,1.00,1.00
2016.10.05 09:36:39.698,1.37061,1.37078,1.00,1.00
2016.10.05 09:36:39.857,1.37062,1.37078,1.50,1.00
2016.10.05 09:36:39.909,1.37061,1.37079,2.25,1.00
2016.10.05 09:36:40.032,1.37062,1.37077,1.12,1.00
2016.10.05 09:36:40.133,1.37062,1.37077,1.75,1.00
2016.10.05 09:36:41.534,1.37061,1.37077,1.75,1.00
2016.10.05 09:36:41.813,1.37061,1.37076,1.12,1.00
2016.10.05 09:36:42.116,1.37061,1.37076,1.00,1.00
2016.10.05 09:36:42.450,1.37061,1.37077,1.00,1.75
2016.10.05 09:36:42.501,1.37059,1.37077,1.00,2.25
2016.10.05 09:36:42.873,1.37061,1.37077,1.00,2.25
2016.10.05 09:36:42.974,1.37061,1.37077,1.00,1.75
2016.10.05 09:36:43.076,1.37061,1.37077,1.00,1.75
2016.10.05 09:36:43.126,1.37061,1.37076,1.00,1.12
2016.10.05 09:36:44.043,1.37061,1.37077,1.00,1.87
2016.10.05 09:36:44.521,1.37061,1.37077,1.00,1.87
2016.10.05 09:36:44.572,1.37058,1.37076,3.00,1.75
2016.10.05 09:36:44.622,1.37058,1.37075,3.00,1.37
2016.10.05 09:36:44.673,1.37058,1.37075,2.25,1.12
2016.10.05 09:36:44.774,1.37058,1.37074,1.00,1.12
2016.10.05 09:36:44.825,1.37058,1.37072,1.00,1.12
2016.10.05 09:36:44.876,1.37057,1.37072,1.00,1.12
2016.10.05 09:36:45.701,1.37055,1.37072,1.00,1.12
2016.10.05 09:36:46.741,1.37055,1.37073,1.00,1.87
2016.10.05 09:36:46.792,1.37055,1.37073,1.00,1.87
2016.10.05 09:36:47.015,1.37055,1.37072,1.00,1.12
2016.10.05 09:36:47.290,1.37055,1.37072,1.00,1.12
2016.10.05 09:36:47.340,1.37055,1.37073,1.00,1.87
2016.10.05 09:36:47.493,1.37055,1.37073,1.00,1.12
2016.10.05 09:36:47.597,1.37055,1.37072,1.00,1.12
2016.10.05 09:36:49.486,1.37055,1.37072,1.00,1.12
2016.10.05 09:36:50.509,1.37055,1.37072,1.00,1.12
2016.10.05 09:36:50.572,1.37054,1.37072,1.00,1.12
2016.10.05 09:36:50.623,1.37054,1.37073,1.00,1.12
2016.10.05 09:36:50.724,1.37054,1.37073,1.00,1.12
2016.10.05 09:36:50.904,1.37054,1.37073,1.00,1.12
2016.10.05 09:36:51.306,1.37054,1.37073,1.00,1.12
2016.10.05 09:36:51.510,1.37054,1.37073,1.00,1.12
2016.10.05 09:36:51.820,1.37052,1.37072,1.50,1.87
2016.10.05 09:36:51.871,1.37052,1.37072,1.00,2.62
2016.10.05 09:36:51.922,1.37052,1.37072,1.00,2.62
2016.10.05 09:36:52.213,1.37052,1.37072,1.00,2.62
2016.10.05 09:36:52.396,1.37052,1.37072,1.00,1.87
2016.10.05 09:36:52.447,1.37052,1.37072,1.00,1.87
2016.10.05 09:36:52.664,1.37052,1.37072,1.00,2.62
2016.10.05 09:36:52.715,1.37052,1.37072,1.00,2.62
2016.10.05 09:36:53.082,1.37052,1.37071,1.00,1.12
2016.10.05 09:36:55.433,1.37052,1.37071,1.00,1.12
2016.10.05 09:36:55.483,1.37052,1.37071,1.00,1.87
2016.10.05 09:36:55.606,1.3705,1.37067,1.00,1.75
2016.10.05 09:36:55.657,1.37049,1.37066,1.00,1.12
2016.10.05 09:36:55.708,1.37046,1.37064,1.00,1.75
2016.10.05 09:36:56.036,1.37046,1.37064,2.25,1.75
2016.10.05 09:36:56.137,1.37048,1.37066,1.12,1.75
2016.10.05 09:36:56.188,1.3705,1.37066,1.00,1.50
2016.10.05 09:36:56.239,1.3705,1.37066,1.00,1.50
2016.10.05 09:36:56.289,1.37052,1.37073,1.50,1.12
2016.10.05 09:36:56.340,1.37052,1.37073,1.00,1.12
2016.10.05 09:36:56.391,1.37054,1.37073,1.00,1.12
2016.10.05 09:36:56.517,1.37057,1.37073,1.00,1.12
2016.10.05 09:36:56.568,1.37057,1.37075,1.00,1.75
2016.10.05 09:36:56.619,1.37057,1.37076,1.15,3.75
2016.10.05 09:36:56.670,1.37057,1.37076,1.30,3.75
2016.10.05 09:36:56.720,1.3706,1.37076,1.15,3.75
2016.10.05 09:36:56.771,1.3706,1.37078,1.15,4.87
2016.10.05 09:36:56.923,1.3706,1.37078,1.15,4.87
2016.10.05 09:36:56.974,1.3706,1.37077,1.00,1.75
2016.10.05 09:36:57.024,1.37055,1.37075,1.00,1.75
2016.10.05 09:36:57.075,1.37055,1.37075,1.50,1.75
2016.10.05 09:36:57.249,1.37055,1.37075,1.50,1.75
2016.10.05 09:36:57.584,1.37055,1.37077,1.50,1.87
2016.10.05 09:36:57.635,1.37055,1.37076,1.03,1.75
2016.10.05 09:36:58.157,1.37054,1.37076,1.07,1.75
2016.10.05 09:36:58.208,1.37055,1.37076,1.07,1.75
2016.10.05 09:36:58.259,1.37055,1.37076,1.04,1.75
2016.10.05 09:36:58.310,1.37055,1.37076,1.04,2.25
2016.10.05 09:36:58.762,1.37055,1.37076,1.00,2.25
2016.10.05 09:36:58.948,1.37055,1.37076,1.00,2.25
2016.10.05 09:36:59.053,1.37055,1.37076,1.50,2.25
2016.10.05 09:36:59.189,1.37055,1.37076,1.50,1.75
2016.10.05 09:36:59.240,1.37055,1.37076,1.50,1.75
2016.10.05 09:36:59.291,1.37056,1.37076,1.00,1.75
2016.10.05 09:36:59.623,1.37058,1.37076,1.00,1.75
2016.10.05 09:36:59.674,1.37058,1.37076,1.50,1.75
2016.10.05 09:36:59.776,1.37058,1.37076,1.00,1.75
2016.10.05 09:37:00.046,1.37058,1.37076,1.00,1.75
2016.10.05 09:37:00.872,1.37058,1.37076,1.00,1.75
2016.10.05 09:37:01.643,1.37057,1.37075,1.50,1.75
2016.10.05 09:37:02.602,1.37057,1.37075,1.00,1.75
2016.10.05 09:37:02.653,1.37057,1.37075,1.00,2.25
2016.10.05 09:37:02.756,1.37056,1.37074,1.00,1.75
2016.10.05 09:37:03.107,1.37056,1.37074,1.00,1.75
2016.10.05 09:37:03.472,1.37056,1.37074,1.00,1.87
2016.10.05 09:37:07.929,1.37056,1.37072,1.00,1.12
2016.10.05 09:37:14.653,1.37056,1.37072,1.00,1.12
2016.10.05 09:37:15.069,1.37056,1.37072,1.00,1.12
2016.10.05 09:37:15.454,1.37056,1.37073,1.00,1.12
2016.10.05 09:37:15.783,1.37056,1.37073,1.00,1.12
2016.10.05 09:37:15.834,1.37055,1.37075,1.00,1.75
2016.10.05 09:37:15.885,1.37055,1.37075,1.00,2.25
2016.10.05 09:37:15.936,1.37056,1.37073,1.00,1.12
2016.10.05 09:37:15.987,1.37056,1.37073,1.00,1.12
2016.10.05 09:37:16.038,1.37056,1.37071,1.00,1.12
2016.10.05 09:37:17.971,1.37055,1.37071,1.00,1.12
2016.10.05 09:37:18.147,1.37056,1.37075,1.50,1.12
2016.10.05 09:37:18.198,1.37056,1.37072,1.00,1.37
2016.10.05 09:37:18.249,1.37056,1.37072,1.00,1.12
2016.10.05 09:37:18.300,1.37056,1.3707,1.00,1.12
2016.10.05 09:37:18.568,1.37056,1.37072,1.00,1.12
2016.10.05 09:37:19.088,1.37055,1.37072,1.00,1.12
2016.10.05 09:37:19.975,1.37056,1.37072,1.00,1.12
2016.10.05 09:37:20.170,1.37058,1.37072,1.00,1.12
2016.10.05 09:37:20.221,1.37058,1.37072,1.00,1.12
2016.10.05 09:37:20.272,1.37058,1.37073,1.00,1.12
2016.10.05 09:37:20.373,1.37058,1.37071,1.00,1.12
2016.10.05 09:37:21.772,1.37055,1.37071,1.00,1.12
2016.10.05 09:37:21.874,1.37056,1.37073,1.00,1.12
2016.10.05 09:37:21.924,1.37056,1.37073,1.50,1.12
2016.10.05 09:37:21.975,1.37056,1.37072,1.50,1.12
2016.10.05 09:37:22.026,1.37056,1.37072,1.00,1.12
2016.10.05 09:37:23.668,1.37056,1.37072,1.00,1.12
2016.10.05 09:37:23.718,1.37056,1.37074,1.00,1.12
2016.10.05 09:37:23.769,1.37057,1.37074,1.00,1.12
2016.10.05 09:37:23.820,1.37057,1.37075,1.00,1.87
2016.10.05 09:37:23.871,1.37057,1.37075,1.00,1.87
2016.10.05 09:37:23.922,1.37057,1.37073,1.50,1.12
2016.10.05 09:37:24.137,1.37057,1.37073,1.00,1.12
2016.10.05 09:37:24.289,1.37055,1.37073,1.50,1.87
2016.10.05 09:37:24.340,1.37055,1.37073,1.00,1.87
2016.10.05 09:37:24.391,1.37055,1.37072,1.00,1.12
2016.10.05 09:37:25.524,1.37055,1.37072,1.00,1.12
2016.10.05 09:37:25.575,1.37055,1.37072,1.00,1.37
2016.10.05 09:37:25.626,1.37055,1.37072,1.50,1.37
2016.10.05 09:37:25.677,1.37055,1.37072,1.50,1.12
2016.10.05 09:37:25.828,1.37055,1.37073,1.50,1.87
2016.10.05 09:37:25.879,1.37056,1.37073,1.00,1.87
2016.10.05 09:37:26.003,1.37056,1.37073,1.00,1.75
2016.10.05 09:37:26.453,1.37056,1.37074,1.50,1.12
2016.10.05 09:37:27.041,1.37056,1.37074,1.00,1.12
2016.10.05 09:37:27.142,1.37056,1.37074,1.00,1.12
2016.10.05 09:37:27.193,1.37056,1.37074,1.00,1.12
2016.10.05 09:37:27.409,1.37056,1.37073,1.00,1.12
2016.10.05 09:37:27.459,1.37054,1.37073,1.50,1.12
2016.10.05 09:37:27.510,1.37054,1.37072,1.50,1.12
2016.10.05 09:37:27.794,1.37054,1.37072,1.50,1.12
2016.10.05 09:37:28.101,1.37054,1.37072,1.50,1.12
2016.10.05 09:37:28.311,1.37054,1.37073,1.50,1.12
2016.10.05 09:37:31.240,1.37054,1.37073,1.50,1.12
2016.10.05 09:37:31.341,1.37054,1.37073,1.50,1.12
2016.10.05 09:37:31.442,1.37054,1.37073,1.50,1.12
2016.10.05 09:37:31.670,1.37054,1.37072,1.50,1.75
2016.10.05 09:37:31.721,1.37054,1.37072,1.50,1.75
2016.10.05 09:37:33.350,1.37054,1.37072,1.50,1.87
2016.10.05 09:37:33.402,1.37054,1.37072,1.00,1.87
2016.10.05 09:37:33.919,1.37054,1.37072,1.00,1.87
2016.10.05 09:37:34.389,1.37054,1.37071,1.00,1.12
2016.10.05 09:37:34.632,1.37054,1.37071,1.00,1.12
2016.10.05 09:37:37.464,1.37054,1.37071,1.00,1.12
2016.10.05 09:37:37.566,1.37054,1.37072,1.00,1.87
2016.10.05 09:37:38.642,1.37054,1.37072,1.00,1.87
2016.10.05 09:37:39.750,1.37054,1.37072,1.00,1.87
2016.10.05 09:37:39.800,1.37054,1.37072,1.00,1.75
2016.10.05 09:37:47.389,1.37054,1.37072,1.00,1.75
2016.10.05 09:37:47.491,1.37054,1.37072,1.00,1.75
2016.10.05 09:37:48.042,1.37054,1.37072,1.00,1.75
2016.10.05 09:37:48.582,1.37054,1.37072,1.50,1.75
2016.10.05 09:37:48.735,1.37055,1.37072,1.00,1.75
2016.10.05 09:37:57.015,1.37054,1.37072,1.00,1.75
2016.10.05 09:37:58.019,1.37054,1.37072,1.00,1.87
2016.10.05 09:37:58.969,1.37054,1.37072,1.00,1.87
2016.10.05 09:38:00.638,1.37054,1.37072,1.00,1.87
2016.10.05 09:38:00.740,1.37054,1.37072,1.00,1.75
2016.10.05 09:38:00.791,1.37054,1.37072,1.00,1.75
2016.10.05 09:38:02.482,1.37054,1.37072,1.00,1.75
2016.10.05 09:38:05.752,1.37054,1.37072,1.00,2.25
2016.10.05 09:38:09.343,1.37054,1.37072,1.00,2.25
2016.10.05 09:38:12.122,1.37054,1.37072,1.00,2.25
2016.10.05 09:38:12.310,1.37054,1.37072,1.00,1.75
2016.10.05 09:38:13.016,1.37054,1.37072,1.00,1.75
2016.10.05 09:38:13.220,1.37054,1.37072,1.00,1.75
2016.10.05 09:38:13.322,1.37054,1.37072,1.50,1.75
2016.10.05 09:38:13.617,1.37055,1.37072,1.00,1.75
2016.10.05 09:38:16.803,1.37055,1.37073,1.00,1.12
2016.10.05 09:38:17.221,1.37054,1.37073,1.50,1.12
2016.10.05 09:38:17.272,1.37054,1.37073,1.50,1.87
2016.10.05 09:38:18.470,1.37054,1.37073,1.50,1.12
2016.10.05 09:38:18.520,1.37054,1.37074,1.50,1.75
2016.10.05 09:38:18.571,1.37054,1.37074,1.50,1.75
2016.10.05 09:38:19.347,1.37054,1.37074,1.50,1.75
2016.10.05 09:38:19.752,1.37054,1.37074,1.00,1.75
2016.10.05 09:38:20.143,1.37054,1.37074,1.50,1.75
2016.10.05 09:38:20.345,1.37054,1.37074,1.50,1.75
2016.10.05 09:38:20.639,1.37054,1.37074,1.50,1.75
2016.10.05 09:38:21.595,1.37054,1.37074,1.00,1.75
2016.10.05 09:38:22.931,1.37054,1.37074,1.50,1.75
2016.10.05 09:38:23.353,1.37054,1.37074,1.50,1.75
2016.10.05 09:38:23.454,1.37054,1.37074,1.50,1.75
2016.10.05 09:38:23.657,1.37054,1.37074,1.50,1.75
2016.10.05 09:38:24.120,1.37054,1.37074,1.50,1.75
2016.10.05 09:38:24.239,1.37054,1.37074,1.50,1.75
2016.10.05 09:38:26.190,1.37054,1.37074,1.00,1.75
2016.10.05 09:38:26.242,1.37054,1.37074,1.00,1.75
2016.10.05 09:38:27.572,1.37054,1.37074,1.50,1.75
2016.10.05 09:38:27.775,1.37054,1.37074,1.00,1.75
2016.10.05 09:38:28.022,1.37054,1.37074,1.00,1.75
2016.10.05 09:38:28.492,1.37054,1.37074,1.00,1.75
2016.10.05 09:38:31.553,1.37054,1.37074,1.00,1.75
2016.10.05 09:38:31.654,1.37054,1.37074,1.00,1.75
2016.10.05 09:38:32.675,1.37054,1.37074,1.00,1.75
2016.10.05 09:38:35.153,1.37055,1.37074,1.00,1.75
2016.10.05 09:38:35.204,1.37055,1.37074,1.00,1.75
2016.10.05 09:38:37.515,1.37055,1.37074,1.00,1.75
2016.10.05 09:38:37.670,1.37055,1.37074,1.00,1.75
2016.10.05 09:38:39.114,1.37057,1.37074,1.00,1.75
2016.10.05 09:38:41.901,1.37056,1.37074,1.00,1.75
2016.10.05 09:38:42.003,1.37056,1.37074,1.00,1.75
2016.10.05 09:38:42.891,1.37055,1.37074,1.00,1.75
2016.10.05 09:38:43.326,1.37055,1.37074,1.00,1.75
2016.10.05 09:38:43.377,1.37055,1.37074,1.00,1.75
2016.10.05 09:38:44.492,1.37055,1.37074,1.00,1.75
2016.10.05 09:38:46.800,1.37055,1.37074,1.00,1.75
2016.10.05 09:38:46.851,1.37056,1.37076,1.00,1.75
2016.10.05 09:38:48.105,1.37056,1.37076,1.00,1.75
2016.10.05 09:38:48.288,1.37056,1.37076,1.00,2.25
2016.10.05 09:38:48.501,1.37056,1.37076,1.00,2.25
2016.10.05 09:38:48.704,1.37056,1.37075,1.00,1.75
2016.10.05 09:38:48.755,1.37056,1.37074,1.00,1.12
2016.10.05 09:38:53.734,1.37056,1.37075,1.00,1.12
2016.10.05 09:38:53.840,1.37056,1.37074,1.00,1.75
2016.10.05 09:38:53.942,1.37056,1.37074,1.00,1.75
2016.10.05 09:38:54.043,1.37056,1.37075,1.00,1.87
2016.10.05 09:38:56.730,1.37055,1.37075,1.00,1.87
2016.10.05 09:38:56.781,1.37055,1.37075,1.00,1.87
2016.10.05 09:38:57.330,1.37055,1.37075,1.50,1.87
2016.10.05 09:38:57.631,1.37056,1.37075,1.00,1.87
2016.10.05 09:38:59.338,1.37056,1.37075,1.00,1.87
2016.10.05 09:38:59.561,1.37057,1.37075,1.00,1.87
2016.10.05 09:38:59.612,1.37055,1.37075,1.50,1.87
2016.10.05 09:39:00.794,1.37056,1.37075,1.00,1.87
2016.10.05 09:39:01.195,1.37055,1.37075,1.50,1.87
2016.10.05 09:39:02.124,1.37056,1.37075,1.00,1.75
2016.10.05 09:39:02.554,1.37056,1.37075,1.00,1.75
2016.10.05 09:39:02.997,1.37055,1.37075,1.50,1.75
2016.10.05 09:39:03.198,1.37056,1.37075,1.00,1.75
2016.10.05 09:39:03.451,1.37055,1.37075,1.00,1.75
2016.10.05 09:39:03.502,1.37056,1.37075,1.00,1.75
2016.10.05 09:39:03.710,1.37056,1.37075,1.00,1.75
2016.10.05 09:39:04.201,1.37055,1.37075,1.50,1.75
2016.10.05 09:39:04.663,1.37055,1.37075,1.50,1.75
2016.10.05 09:39:04.714,1.37057,1.37075,1.00,1.75
2016.10.05 09:39:04.765,1.37057,1.37075,1.00,1.75
2016.10.05 09:39:04.922,1.37056,1.37075,1.00,1.75
2016.10.05 09:39:04.973,1.37056,1.37075,1.00,1.75
2016.10.05 09:39:05.024,1.37055,1.37075,1.50,1.75
2016.10.05 09:39:05.313,1.37057,1.37075,1.00,1.75
2016.10.05 09:39:05.465,1.37057,1.37075,1.00,1.75
2016.10.05 09:39:05.515,1.37056,1.37075,1.00,1.75
2016.10.05 09:39:05.720,1.37055,1.37075,1.50,1.75
2016.10.05 09:39:07.261,1.37055,1.37075,1.50,2.25
2016.10.05 09:39:07.312,1.37055,1.37075,1.50,2.25
2016.10.05 09:39:07.363,1.37055,1.37075,1.50,2.25
2016.10.05 09:39:07.613,1.37056,1.37075,1.00,2.25
2016.10.05 09:39:07.714,1.37056,1.37075,1.00,2.25
2016.10.05 09:39:07.920,1.37056,1.37075,1.00,2.25
2016.10.05 09:39:08.587,1.37056,1.37074,1.00,1.75
2016.10.05 09:39:09.391,1.37056,1.37075,1.00,2.25
2016.10.05 09:39:12.898,1.37056,1.37075,1.00,1.75
2016.10.05 09:39:13.516,1.37055,1.37075,1.50,1.75
2016.10.05 09:39:13.635,1.37056,1.37075,1.00,1.75
2016.10.05 09:39:14.761,1.37056,1.37075,1.00,1.75
2016.10.05 09:39:15.331,1.37055,1.37075,1.50,1.75
2016.10.05 09:39:16.677,1.37055,1.37075,1.50,1.75
2016.10.05 09:39:16.728,1.37055,1.37075,1.50,1.75
2016.10.05 09:39:16.829,1.37055,1.37075,1.50,1.75
2016.10.05 09:39:17.098,1.37055,1.37075,1.50,1.75
2016.10.05 09:39:17.149,1.37056,1.37075,1.00,1.75
2016.10.05 09:39:17.250,1.37055,1.37075,1.50,1.75
2016.10.05 09:39:17.524,1.37056,1.37075,1.00,1.75
2016.10.05 09:39:17.626,1.37055,1.37075,1.50,1.75
2016.10.05 09:39:19.028,1.37055,1.37075,1.50,1.75
2016.10.05 09:39:19.129,1.37056,1.37075,1.00,1.75
2016.10.05 09:39:19.493,1.37056,1.37075,1.00,1.75
2016.10.05 09:39:20.030,1.37055,1.37075,1.00,1.75
2016.10.05 09:39:20.273,1.37055,1.37075,1.50,1.75
2016.10.05 09:39:20.745,1.37055,1.37075,1.50,1.75
2016.10.05 09:39:20.913,1.37055,1.37075,1.50,1.75
2016.10.05 09:39:21.407,1.37055,1.37075,1.50,1.75
2016.10.05 09:39:22.611,1.37055,1.37075,1.50,1.75
2016.10.05 09:39:23.345,1.37055,1.37075,1.00,1.75
2016.10.05 09:39:23.447,1.37055,1.37075,1.00,1.75
2016.10.05 09:39:23.789,1.37055,1.37074,1.00,1.12
2016.10.05 09:39:23.890,1.37055,1.37074,1.00,1.87
2016.10.05 09:39:24.079,1.37054,1.37071,1.00,1.75
2016.10.05 09:39:24.134,1.37052,1.3707,1.50,1.75
2016.10.05 09:39:24.185,1.37052,1.37069,1.00,1.75
2016.10.05 09:39:24.236,1.37047,1.37065,2.25,1.00
2016.10.05 09:39:24.287,1.37047,1.37065,1.00,1.75
2016.10.05 09:39:24.338,1.37045,1.37063,1.00,1.75
2016.10.05 09:39:24.563,1.37045,1.37062,1.00,1.75
2016.10.05 09:39:25.214,1.37042,1.37062,1.00,2.25
2016.10.05 09:39:25.660,1.37042,1.37062,1.00,2.25
2016.10.05 09:39:25.848,1.37042,1.37062,1.00,2.25
2016.10.05 09:39:26.343,1.37043,1.37062,1.00,2.25
2016.10.05 09:39:26.516,1.37043,1.37062,1.00,2.25
2016.10.05 09:39:26.567,1.37044,1.37062,1.00,2.25
2016.10.05 09:39:26.670,1.37045,1.37062,1.00,2.25
2016.10.05 09:39:26.771,1.37045,1.37062,1.00,1.75
2016.10.05 09:39:27.132,1.37044,1.37062,1.50,1.75
2016.10.05 09:39:27.456,1.37046,1.37062,1.00,1.75
2016.10.05 09:39:27.741,1.37046,1.37063,1.00,2.62
2016.10.05 09:39:28.245,1.37045,1.37063,1.00,2.62
2016.10.05 09:39:29.846,1.37045,1.37063,1.00,2.25
2016.10.05 09:39:31.176,1.37045,1.37063,1.50,2.25
2016.10.05 09:39:31.277,1.37045,1.37063,1.00,2.25
2016.10.05 09:39:31.766,1.37045,1.37063,1.50,2.25
2016.10.05 09:39:32.286,1.37045,1.37063,1.50,2.25
2016.10.05 09:39:32.388,1.37045,1.37063,1.00,2.25
2016.10.05 09:39:32.489,1.37045,1.37063,1.50,2.25
2016.10.05 09:39:32.716,1.37045,1.37063,1.50,1.75
2016.10.05 09:39:33.965,1.37045,1.37065,1.50,2.62
2016.10.05 09:39:34.889,1.37045,1.37065,1.00,2.62
2016.10.05 09:39:34.940,1.37044,1.37062,1.50,1.75
2016.10.05 09:39:34.991,1.37044,1.37062,1.00,1.75
2016.10.05 09:39:35.272,1.37044,1.37062,1.50,1.75
2016.10.05 09:39:35.373,1.37044,1.37062,1.00,1.75
2016.10.05 09:39:36.272,1.37044,1.37062,1.50,1.75
2016.10.05 09:39:40.093,1.37044,1.37062,1.00,1.75
2016.10.05 09:39:40.416,1.37044,1.37062,1.00,1.75
2016.10.05 09:39:40.530,1.37044,1.37062,1.00,2.25
2016.10.05 09:39:40.581,1.37044,1.37062,1.00,2.25
2016.10.05 09:39:41.646,1.37044,1.37062,1.00,1.75
2016.10.05 09:39:42.049,1.37043,1.37061,1.00,1.50
2016.10.05 09:39:42.100,1.37043,1.37061,1.00,1.50
2016.10.05 09:39:43.038,1.37041,1.37061,1.00,1.50
2016.10.05 09:39:44.240,1.37043,1.37063,1.00,2.62
2016.10.05 09:39:44.290,1.37043,1.37063,1.50,2.25
2016.10.05 09:39:44.392,1.37044,1.37063,1.75,1.50
2016.10.05 09:39:45.424,1.37045,1.37063,1.75,1.50
2016.10.05 09:39:45.508,1.37045,1.37063,1.75,1.00
2016.10.05 09:39:45.894,1.37045,1.37063,2.25,1.00
2016.10.05 09:39:46.328,1.37046,1.37063,1.75,1.00
2016.10.05 09:39:46.899,1.37045,1.37063,1.75,1.00
2016.10.05 09:39:48.043,1.37045,1.37063,1.75,1.00
2016.10.05 09:39:50.186,1.37045,1.37063,1.75,1.00
2016.10.05 09:39:54.453,1.37045,1.37063,2.25,1.00
2016.10.05 09:39:54.605,1.37046,1.37063,1.75,1.00
2016.10.05 09:39:54.707,1.37045,1.37063,2.25,1.00
2016.10.05 09:39:55.035,1.37045,1.37063,1.75,1.00
2016.10.05 09:39:55.310,1.37045,1.37063,2.25,1.00
2016.10.05 09:39:55.411,1.37045,1.37063,1.75,1.00
2016.10.05 09:39:56.739,1.37045,1.37063,1.75,1.00
2016.10.05 09:39:56.790,1.37043,1.37063,2.62,1.00
2016.10.05 09:39:58.206,1.37044,1.37063,1.75,1.00
2016.10.05 09:39:58.307,1.37043,1.37063,2.62,1.00
2016.10.05 09:39:59.409,1.37046,1.37063,1.75,1.00
2016.10.05 09:39:59.511,1.37044,1.37063,1.75,1.00
2016.10.05 09:39:59.561,1.37044,1.37063,1.87,1.00
2016.10.05 09:39:59.707,1.37047,1.37063,1.75,1.00
2016.10.05 09:39:59.759,1.37045,1.37063,1.75,1.00
2016.10.05 09:40:00.260,1.37046,1.37063,1.75,1.00
2016.10.05 09:40:00.310,1.37046,1.37065,1.75,1.00
2016.10.05 09:40:00.464,1.37049,1.37068,1.75,1.87
2016.10.05 09:40:00.540,1.37052,1.37068,1.00,1.00
2016.10.05 09:40:00.591,1.37052,1.37069,1.50,1.50
2016.10.05 09:40:00.693,1.37052,1.37069,1.50,1.00
2016.10.05 09:40:00.794,1.37052,1.37069,1.75,1.00
2016.10.05 09:40:00.981,1.37051,1.37069,2.25,1.00
2016.10.05 09:40:01.032,1.37051,1.37069,2.25,1.00
2016.10.05 09:40:01.134,1.37053,1.37069,1.12,1.00
2016.10.05 09:40:01.880,1.37052,1.37069,1.50,1.00
2016.10.05 09:40:01.981,1.37052,1.3707,2.25,1.00
2016.10.05 09:40:02.095,1.37052,1.3707,2.25,1.00
2016.10.05 09:40:02.386,1.37052,1.3707,2.25,1.50
2016.10.05 09:40:03.818,1.37052,1.3707,1.50,1.50
2016.10.05 09:40:04.971,1.37052,1.3707,1.50,1.00
2016.10.05 09:40:05.185,1.37052,1.3707,1.50,1.50
2016.10.05 09:40:06.225,1.37052,1.3707,2.25,1.00
2016.10.05 09:40:06.579,1.37053,1.3707,1.12,1.00
2016.10.05 09:40:06.630,1.37052,1.3707,2.25,1.00
2016.10.05 09:40:06.915,1.37053,1.37071,1.12,1.00
2016.10.05 09:40:06.966,1.37053,1.37071,1.12,1.00
2016.10.05 09:40:07.067,1.37053,1.37071,1.75,1.00
2016.10.05 09:40:07.732,1.37053,1.37071,1.75,1.00
2016.10.05 09:40:07.833,1.37054,1.37071,1.50,1.00
2016.10.05 09:40:07.934,1.37054,1.37071,1.50,1.00
2016.10.05 09:40:08.086,1.37054,1.37071,1.75,1.00
2016.10.05 09:40:08.136,1.37053,1.37071,2.25,1.00
2016.10.05 09:40:08.363,1.37053,1.37071,2.25,1.00
2016.10.05 09:40:08.414,1.37056,1.37074,1.50,1.00
2016.10.05 09:40:08.465,1.37054,1.37074,2.25,1.00
2016.10.05 09:40:08.566,1.37055,1.37074,1.75,1.00
2016.10.05 09:40:09.156,1.37057,1.37074,1.50,1.00
2016.10.05 09:40:09.257,1.37055,1.37074,1.75,1.00
2016.10.05 09:40:10.627,1.37055,1.37071,1.00,1.87
2016.10.05 09:40:10.678,1.37053,1.37071,1.00,1.87
2016.10.05 09:40:10.933,1.37053,1.37071,1.00,1.87
2016.10.05 09:40:10.983,1.37053,1.3707,1.00,1.12
2016.10.05 09:40:11.034,1.37053,1.3707,1.00,1.12
2016.10.05 09:40:11.085,1.37053,1.37069,1.00,1.12
2016.10.05 09:40:11.136,1.37053,1.37069,1.00,1.12
2016.10.05 09:40:11.443,1.37053,1.37069,1.00,1.12
2016.10.05 09:40:11.845,1.37052,1.37069,1.50,1.12
2016.10.05 09:40:12.747,1.37052,1.37069,1.00,1.12
2016.10.05 09:40:12.798,1.37052,1.3707,1.00,1.87
2016.10.05 09:40:12.849,1.37052,1.3707,1.00,1.87
2016.10.05 09:40:12.899,1.37052,1.37069,1.00,1.12
2016.10.05 09:40:13.269,1.37052,1.37069,1.00,1.12
2016.10.05 09:40:13.421,1.37052,1.3707,1.00,1.87
2016.10.05 09:40:13.522,1.37052,1.3707,1.00,1.87
2016.10.05 09:40:13.674,1.37054,1.3707,1.00,1.87
2016.10.05 09:40:13.964,1.37052,1.3707,1.00,1.87
2016.10.05 09:40:14.039,1.37051,1.37068,1.00,1.50
2016.10.05 09:40:14.964,1.3705,1.37068,1.50,1.50
2016.10.05 09:40:15.649,1.3705,1.37068,1.00,1.75
2016.10.05 09:40:15.700,1.3705,1.37068,1.00,1.87
2016.10.05 09:40:15.750,1.37047,1.37067,1.12,1.50
2016.10.05 09:40:15.801,1.37047,1.37065,1.50,1.00
2016.10.05 09:40:15.852,1.37047,1.37065,1.50,1.00
2016.10.05 09:40:15.903,1.37047,1.37065,1.00,1.12
2016.10.05 09:40:15.954,1.37047,1.37065,1.00,1.12
2016.10.05 09:40:16.456,1.37047,1.37065,1.00,1.12
2016.10.05 09:40:16.709,1.37046,1.37065,1.00,1.87
2016.10.05 09:40:17.082,1.37046,1.37065,1.00,1.87
2016.10.05 09:40:17.828,1.37045,1.37065,1.00,1.87
2016.10.05 09:40:25.554,1.37046,1.37065,1.00,1.87
2016.10.05 09:40:25.605,1.37046,1.37065,1.00,1.87
2016.10.05 09:40:25.656,1.37045,1.37064,1.50,1.12
2016.10.05 09:40:26.882,1.37045,1.37064,1.50,1.12
2016.10.05 09:40:26.933,1.37045,1.37065,1.50,1.87
2016.10.05 09:40:26.984,1.37046,1.37065,1.00,1.87
2016.10.05 09:40:27.035,1.37046,1.37064,1.00,1.12
2016.10.05 09:40:29.572,1.37045,1.37064,1.50,1.12
2016.10.05 09:40:30.607,1.37045,1.37064,1.50,1.12
2016.10.05 09:40:31.005,1.37045,1.37063,1.00,1.12
2016.10.05 09:40:31.782,1.37045,1.37064,1.00,1.12
2016.10.05 09:40:32.038,1.37045,1.37063,1.00,1.75
2016.10.05 09:40:34.738,1.37045,1.37063,1.00,1.75
2016.10.05 09:40:34.788,1.37043,1.37062,1.00,1.75
2016.10.05 09:40:35.028,1.37043,1.37062,1.00,1.75
2016.10.05 09:40:35.433,1.37043,1.37062,1.00,1.75
2016.10.05 09:40:39.532,1.37043,1.37062,1.00,1.75
2016.10.05 09:40:39.633,1.37043,1.37062,1.00,1.75
2016.10.05 09:40:39.684,1.37042,1.37062,1.50,1.75
2016.10.05 09:40:39.785,1.37043,1.37062,1.00,1.75
2016.10.05 09:40:40.020,1.37043,1.37062,1.00,1.75
2016.10.05 09:40:41.843,1.37043,1.37062,1.00,1.75
2016.10.05 09:40:41.893,1.37043,1.3706,1.00,1.12
2016.10.05 09:40:43.275,1.37042,1.3706,1.50,1.12
2016.10.05 09:40:43.427,1.37042,1.3706,1.50,1.12
2016.10.05 09:40:44.578,1.37043,1.3706,1.00,1.12
2016.10.05 09:40:44.730,1.37043,1.3706,1.00,1.12
2016.10.05 09:40:44.882,1.37042,1.3706,1.00,1.12
2016.10.05 09:40:44.933,1.37042,1.3706,1.00,1.87
2016.10.05 09:40:46.153,1.37042,1.37059,1.00,1.12
2016.10.05 09:40:46.206,1.37042,1.3706,1.00,1.87
2016.10.05 09:40:46.257,1.37042,1.3706,1.00,1.87
2016.10.05 09:40:47.059,1.37042,1.37059,1.00,1.12
2016.10.05 09:40:47.620,1.37041,1.37059,1.00,1.12
2016.10.05 09:40:47.883,1.3704,1.37059,1.50,1.12
2016.10.05 09:40:48.816,1.3704,1.37059,1.50,1.12
2016.10.05 09:40:49.259,1.37042,1.3706,1.00,1.75
2016.10.05 09:40:49.310,1.37043,1.3706,1.00,1.75
2016.10.05 09:40:49.361,1.37043,1.3706,1.00,1.75
2016.10.05 09:40:49.412,1.37044,1.37062,1.50,2.25
2016.10.05 09:40:49.463,1.37044,1.37062,1.50,2.25
2016.10.05 09:40:49.565,1.37044,1.37062,1.50,1.75
2016.10.05 09:40:50.437,1.37044,1.37062,1.50,1.75
2016.10.05 09:40:50.866,1.37044,1.37062,1.50,1.75
2016.10.05 09:40:50.917,1.37045,1.37062,1.00,1.75
2016.10.05 09:40:52.187,1.37045,1.37065,1.50,2.25
2016.10.05 09:40:52.438,1.37045,1.37065,1.50,2.25
2016.10.05 09:40:52.638,1.37045,1.37065,1.00,2.25
2016.10.05 09:40:53.791,1.37045,1.37065,1.00,2.62
2016.10.05 09:40:53.842,1.37045,1.37065,1.00,2.62
2016.10.05 09:40:56.877,1.37044,1.37063,1.00,1.75
2016.10.05 09:40:59.070,1.37044,1.37062,1.00,1.75
2016.10.05 09:40:59.197,1.37044,1.37062,1.00,2.25
2016.10.05 09:40:59.248,1.37039,1.37057,1.00,1.75
2016.10.05 09:40:59.299,1.37036,1.37056,1.00,1.75
2016.10.05 09:40:59.350,1.37036,1.37055,1.00,1.75
2016.10.05 09:40:59.452,1.37036,1.37055,1.00,1.75
2016.10.05 09:40:59.503,1.37036,1.37055,1.00,1.87
2016.10.05 09:40:59.972,1.37036,1.37055,1.00,1.87
2016.10.05 09:41:00.211,1.37036,1.37054,1.00,1.75
2016.10.05 09:41:00.620,1.37036,1.37054,1.00,1.75
2016.10.05 09:41:00.773,1.37036,1.37054,1.00,1.75
2016.10.05 09:41:00.874,1.37036,1.37054,1.00,1.75
2016.10.05 09:41:01.593,1.37036,1.37054,1.00,1.75
2016.10.05 09:41:01.992,1.37036,1.37054,1.00,1.75
2016.10.05 09:41:03.255,1.37036,1.37054,1.00,1.75
2016.10.05 09:41:03.456,1.37036,1.37054,1.00,1.75
2016.10.05 09:41:04.859,1.37036,1.37054,1.00,1.75
2016.10.05 09:41:05.859,1.37036,1.37054,1.00,1.75
2016.10.05 09:41:06.994,1.37035,1.37053,1.50,1.75
2016.10.05 09:41:07.045,1.37035,1.37053,1.00,1.75
2016.10.05 09:41:07.931,1.37035,1.37053,1.00,1.75
2016.10.05 09:41:08.032,1.37034,1.37052,1.50,1.75
2016.10.05 09:41:08.083,1.37034,1.37052,1.50,1.75
2016.10.05 09:41:08.491,1.37034,1.37052,1.50,1.75
2016.10.05 09:41:08.746,1.37034,1.37052,1.50,1.75
2016.10.05 09:41:08.877,1.37034,1.37052,1.50,1.75
2016.10.05 09:41:09.185,1.37034,1.37052,1.50,1.75
2016.10.05 09:41:09.452,1.37034,1.37052,1.50,1.75
2016.10.05 09:41:09.679,1.37034,1.37052,1.50,1.75
2016.10.05 09:41:11.656,1.37035,1.37052,1.00,1.75
2016.10.05 09:41:12.011,1.37035,1.37052,1.00,1.75
2016.10.05 09:41:12.495,1.37035,1.37052,1.00,1.75
2016.10.05 09:41:12.596,1.37035,1.37052,1.00,1.75
2016.10.05 09:41:17.940,1.37035,1.37052,1.00,1.75
2016.10.05 09:41:18.041,1.37035,1.37052,1.00,1.12
2016.10.05 09:41:19.040,1.37035,1.37052,1.00,1.75
2016.10.05 09:41:19.284,1.37036,1.37054,1.00,1.75
2016.10.05 09:41:20.028,1.37037,1.37054,1.00,1.75
2016.10.05 09:41:20.079,1.37037,1.37056,1.50,1.75
2016.10.05 09:41:20.130,1.37037,1.37056,1.50,1.75
2016.10.05 09:41:20.181,1.37039,1.37056,1.00,1.75
2016.10.05 09:41:20.535,1.37039,1.37056,1.00,1.75
2016.10.05 09:41:20.759,1.37037,1.37056,1.00,1.75
2016.10.05 09:41:20.861,1.37037,1.37056,1.00,1.75
2016.10.05 09:41:20.913,1.37037,1.37056,1.00,1.75
2016.10.05 09:41:21.452,1.37037,1.37057,1.00,1.75
2016.10.05 09:41:21.606,1.37037,1.37057,1.00,2.62
2016.10.05 09:41:21.656,1.37037,1.37057,1.50,2.62
2016.10.05 09:41:21.808,1.37037,1.37057,1.50,1.75
2016.10.05 09:41:21.859,1.37037,1.37057,1.50,1.75
2016.10.05 09:41:21.910,1.37037,1.37057,1.50,1.87
2016.10.05 09:41:22.015,1.37037,1.37057,1.50,1.87
2016.10.05 09:41:23.720,1.37037,1.37057,1.50,1.87
2016.10.05 09:41:25.747,1.37037,1.37057,1.50,1.75
2016.10.05 09:41:26.015,1.37037,1.37057,1.50,1.87
2016.10.05 09:41:26.648,1.37037,1.37057,1.50,1.75
2016.10.05 09:41:26.699,1.37037,1.37057,1.50,1.75
2016.10.05 09:41:26.750,1.37037,1.37057,1.50,1.87
2016.10.05 09:41:26.941,1.37037,1.37057,1.50,1.87
2016.10.05 09:41:27.042,1.37037,1.37057,1.50,1.87
2016.10.05 09:41:27.093,1.37038,1.37057,1.00,1.87
2016.10.05 09:41:27.547,1.37038,1.37057,1.00,1.87
2016.10.05 09:41:27.598,1.37039,1.37057,1.00,1.87
2016.10.05 09:41:27.649,1.37039,1.37057,1.00,1.75
2016.10.05 09:41:27.700,1.37041,1.37057,1.00,1.75
2016.10.05 09:41:27.751,1.37039,1.37059,1.50,2.25
2016.10.05 09:41:27.852,1.37041,1.37059,1.00,2.25
2016.10.05 09:41:27.954,1.37041,1.37059,1.00,1.75
2016.10.05 09:41:28.243,1.37041,1.37059,1.00,1.75
2016.10.05 09:41:28.344,1.3704,1.37059,1.00,1.75
2016.10.05 09:41:28.989,1.37039,1.37059,1.00,4.12
2016.10.05 09:41:29.039,1.37039,1.37059,1.00,4.12
2016.10.05 09:41:29.090,1.37039,1.37057,1.00,1.75
2016.10.05 09:41:29.191,1.37039,1.37058,1.00,1.75
2016.10.05 09:41:29.242,1.37039,1.37057,1.00,1.12
2016.10.05 09:41:29.293,1.37039,1.37056,1.00,1.75
2016.10.05 09:41:30.215,1.37039,1.37058,1.00,1.75
2016.10.05 09:41:31.407,1.37039,1.37057,1.00,1.75
2016.10.05 09:41:32.137,1.37039,1.37057,1.00,2.25
2016.10.05 09:41:32.563,1.37039,1.37056,1.00,1.75
2016.10.05 09:41:37.747,1.37037,1.37055,1.00,1.75
2016.10.05 09:41:37.798,1.37037,1.37055,1.00,1.75
2016.10.05 09:41:41.075,1.37037,1.37055,1.00,2.25
2016.10.05 09:41:41.670,1.37037,1.37055,1.50,2.25
2016.10.05 09:41:41.721,1.37037,1.37055,1.00,2.25
2016.10.05 09:41:42.323,1.37037,1.37055,1.50,2.25
2016.10.05 09:41:43.692,1.37038,1.37055,1.00,2.25
2016.10.05 09:41:44.106,1.37037,1.37055,1.50,2.25
2016.10.05 09:41:44.337,1.37037,1.37055,1.00,2.25
2016.10.05 09:41:45.867,1.37037,1.37054,1.00,1.75
2016.10.05 09:41:48.247,1.37037,1.37054,1.00,2.62
2016.10.05 09:41:48.298,1.37035,1.37052,1.00,1.75
2016.10.05 09:41:48.349,1.37034,1.37051,1.00,1.50
2016.10.05 09:41:48.400,1.37034,1.37051,1.00,1.75
2016.10.05 09:41:48.451,1.37034,1.37052,1.00,2.62
2016.10.05 09:41:48.502,1.37034,1.37052,1.00,3.37
2016.10.05 09:41:48.652,1.37034,1.37051,1.00,1.75
2016.10.05 09:41:48.706,1.37034,1.37051,1.00,1.75
2016.10.05 09:41:49.322,1.37034,1.37051,1.00,1.75
2016.10.05 09:41:49.842,1.37034,1.3705,1.00,1.75
2016.10.05 09:41:50.128,1.37034,1.3705,1.00,1.75
2016.10.05 09:41:50.680,1.37034,1.37052,1.00,3.37
2016.10.05 09:41:53.309,1.37034,1.37052,1.00,3.37
2016.10.05 09:41:54.113,1.37034,1.37052,1.00,2.62
2016.10.05 09:41:54.215,1.37034,1.37052,1.00,2.25
2016.10.05 09:41:56.140,1.37034,1.3705,1.00,1.50
2016.10.05 09:42:03.670,1.37034,1.3705,1.00,1.12
2016.10.05 09:42:06.491,1.37034,1.37052,1.00,2.25
2016.10.05 09:42:06.644,1.37034,1.37052,1.00,1.12
2016.10.05 09:42:07.603,1.37034,1.37052,1.00,1.12
2016.10.05 09:42:07.653,1.37034,1.37052,1.50,1.12
2016.10.05 09:42:07.704,1.37034,1.37052,1.50,1.12
2016.10.05 09:42:07.755,1.37034,1.37052,1.00,1.12
2016.10.05 09:42:08.343,1.37034,1.37052,1.50,1.12
2016.10.05 09:42:08.604,1.37034,1.37052,1.50,1.12
2016.10.05 09:42:10.339,1.37034,1.37052,1.50,1.12
2016.10.05 09:42:10.491,1.37034,1.37052,1.00,1.12
2016.10.05 09:42:10.541,1.37034,1.37052,1.00,1.12
2016.10.05 09:42:10.744,1.37034,1.37052,1.00,1.12
2016.10.05 09:42:10.794,1.37034,1.37052,1.50,1.12
2016.10.05 09:42:11.059,1.37034,1.37052,1.00,1.12
2016.10.05 09:42:11.178,1.37034,1.37052,1.50,1.12
2016.10.05 09:42:12.063,1.37036,1.37054,1.00,1.75
2016.10.05 09:42:12.545,1.37036,1.37054,1.00,1.75
2016.10.05 09:42:13.905,1.37036,1.37053,1.00,1.50
2016.10.05 09:42:16.382,1.37036,1.37054,1.00,1.75
2016.10.05 09:42:17.412,1.37036,1.37054,1.00,2.25
2016.10.05 09:42:20.516,1.37036,1.37054,1.00,1.75
2016.10.05 09:42:22.302,1.37036,1.37054,1.50,1.75
2016.10.05 09:42:23.592,1.37036,1.37054,1.87,1.50
2016.10.05 09:42:23.643,1.37036,1.37054,1.87,1.50
2016.10.05 09:42:24.145,1.37036,1.37054,1.87,1.50
2016.10.05 09:42:24.246,1.37036,1.37054,1.87,1.50
2016.10.05 09:42:24.297,1.37037,1.37054,1.00,1.50
2016.10.05 09:42:24.499,1.37037,1.37054,1.00,1.00
2016.10.05 09:42:24.601,1.37036,1.37054,1.12,1.00
2016.10.05 09:42:26.853,1.37036,1.37054,1.12,1.00
2016.10.05 09:42:27.037,1.37036,1.37056,1.12,1.50
2016.10.05 09:42:27.088,1.37036,1.37056,1.12,1.50
2016.10.05 09:42:27.388,1.37036,1.37056,1.12,1.50
2016.10.05 09:42:30.190,1.37036,1.37056,1.12,1.50
2016.10.05 09:42:30.241,1.37036,1.37056,1.12,1.50
2016.10.05 09:42:30.292,1.37036,1.37055,1.12,1.12
2016.10.05 09:42:30.572,1.37036,1.37056,1.00,2.25
2016.10.05 09:42:30.992,1.37036,1.37055,1.00,1.50
2016.10.05 09:42:31.354,1.37036,1.37055,1.00,1.50
2016.10.05 09:42:31.829,1.37036,1.37055,1.00,1.75
2016.10.05 09:42:32.283,1.37034,1.37054,1.00,1.75
2016.10.05 09:42:33.096,1.37034,1.37054,1.00,2.25
2016.10.05 09:42:37.391,1.37034,1.37054,1.00,2.25
2016.10.05 09:42:37.442,1.37033,1.37051,1.87,1.00
2016.10.05 09:42:37.492,1.37033,1.37051,1.87,1.00
2016.10.05 09:42:37.667,1.37033,1.37051,1.12,1.50
2016.10.05 09:42:38.312,1.37033,1.37051,1.12,2.25
2016.10.05 09:42:39.089,1.37033,1.37051,1.00,2.25
2016.10.05 09:42:40.906,1.37033,1.37051,1.00,2.25
2016.10.05 09:42:40.957,1.37033,1.37051,1.00,1.50
2016.10.05 09:42:42.198,1.37032,1.3705,1.00,1.12
2016.10.05 09:42:45.618,1.37032,1.3705,1.87,1.00
2016.10.05 09:42:46.617,1.37034,1.3705,1.00,1.00
2016.10.05 09:42:47.060,1.37034,1.37052,1.87,1.00
2016.10.05 09:42:47.111,1.37034,1.37052,1.87,1.00
2016.10.05 09:42:48.145,1.37035,1.37052,1.00,1.00
2016.10.05 09:42:51.333,1.37034,1.37052,1.12,1.00
2016.10.05 09:42:51.523,1.37034,1.37052,1.12,1.00
2016.10.05 09:42:53.157,1.37034,1.37052,1.12,1.50
2016.10.05 09:42:58.009,1.37034,1.37052,1.00,2.25
2016.10.05 09:43:07.838,1.37034,1.37052,1.00,2.25
2016.10.05 09:43:07.889,1.37034,1.37052,1.50,2.25
2016.10.05 09:43:09.213,1.37034,1.37052,1.00,2.25
2016.10.05 09:43:14.520,1.37034,1.37052,1.00,1.50
2016.10.05 09:43:15.063,1.37035,1.37052,1.00,1.50
2016.10.05 09:43:15.562,1.37034,1.37052,1.50,1.50
2016.10.05 09:43:16.093,1.37034,1.37052,1.50,1.50
2016.10.05 09:43:16.149,1.37034,1.37052,1.00,1.50
2016.10.05 09:43:16.200,1.37034,1.37052,1.12,1.50
2016.10.05 09:43:16.302,1.37034,1.37052,1.00,2.25
2016.10.05 09:43:17.106,1.37034,1.37052,1.00,2.25
2016.10.05 09:43:17.157,1.37037,1.37052,1.00,2.25
2016.10.05 09:43:17.209,1.37037,1.37052,1.00,1.50
2016.10.05 09:43:17.261,1.37037,1.37052,1.00,1.00
2016.10.05 09:43:17.506,1.37048,1.37063,1.00,1.75
2016.10.05 09:43:17.607,1.37043,1.37061,2.25,1.00
2016.10.05 09:43:17.708,1.37043,1.37061,1.75,1.00
2016.10.05 09:43:17.860,1.37043,1.37061,1.12,1.00
2016.10.05 09:43:18.384,1.37043,1.37061,1.00,1.12
2016.10.05 09:43:18.730,1.37044,1.37064,1.00,1.75
2016.10.05 09:43:18.781,1.37046,1.37064,1.00,1.75
2016.10.05 09:43:18.935,1.37046,1.37064,1.00,1.75
2016.10.05 09:43:19.885,1.37048,1.37064,1.00,1.75
2016.10.05 09:43:19.986,1.37048,1.37065,1.00,1.75
2016.10.05 09:43:20.037,1.37049,1.37068,1.00,1.75
2016.10.05 09:43:20.178,1.37048,1.37067,1.00,1.75
2016.10.05 09:43:20.229,1.37044,1.37059,1.37,1.00
2016.10.05 09:43:20.280,1.37043,1.37059,1.75,1.00
2016.10.05 09:43:20.331,1.37039,1.37059,2.25,1.00
2016.10.05 09:43:20.382,1.37039,1.37059,1.50,1.00
2016.10.05 09:43:20.433,1.37039,1.37059,1.50,1.00
2016.10.05 09:43:20.484,1.37041,1.37059,1.00,1.50
2016.10.05 09:43:20.535,1.37044,1.37063,1.00,1.87
2016.10.05 09:43:20.586,1.37044,1.37063,1.00,1.75
2016.10.05 09:43:20.688,1.37044,1.37063,1.00,1.75
2016.10.05 09:43:20.908,1.37044,1.37064,1.00,1.75
2016.10.05 09:43:21.309,1.37044,1.37064,1.00,1.75
2016.10.05 09:43:21.569,1.37044,1.37062,1.00,1.75
2016.10.05 09:43:21.794,1.37045,1.37062,1.00,1.75
2016.10.05 09:43:21.996,1.37045,1.37062,1.00,1.50
2016.10.05 09:43:22.097,1.37046,1.37062,1.00,1.50
2016.10.05 09:43:22.282,1.37047,1.37065,1.00,1.12
2016.10.05 09:43:22.333,1.37044,1.37063,1.75,1.00
2016.10.05 09:43:22.434,1.37044,1.37063,1.12,1.12
2016.10.05 09:43:22.485,1.37044,1.37063,1.50,1.12
2016.10.05 09:43:22.587,1.37044,1.37063,1.12,1.12
2016.10.05 09:43:22.931,1.37046,1.37064,1.00,1.50
2016.10.05 09:43:23.032,1.37048,1.37067,1.50,1.75
2016.10.05 09:43:23.134,1.37051,1.37067,1.00,1.75
2016.10.05 09:43:23.235,1.37051,1.37068,1.00,1.12
2016.10.05 09:43:23.401,1.37051,1.37068,1.00,1.37
2016.10.05 09:43:23.452,1.37051,1.37069,1.00,1.87
2016.10.05 09:43:23.503,1.37051,1.37068,1.00,1.50
2016.10.05 09:43:23.604,1.37051,1.37069,1.00,2.25
2016.10.05 09:43:23.655,1.37051,1.37069,1.00,2.25
2016.10.05 09:43:23.706,1.37051,1.37068,1.00,1.75
2016.10.05 09:43:24.129,1.37051,1.37069,1.00,1.75
2016.10.05 09:43:24.700,1.37051,1.37069,1.00,2.25
2016.10.05 09:43:24.851,1.37051,1.37068,1.00,1.75
2016.10.05 09:43:24.902,1.37051,1.37067,1.00,1.50
2016.10.05 09:43:25.111,1.37045,1.37065,2.25,1.75
2016.10.05 09:43:25.213,1.37045,1.37065,2.25,1.75
2016.10.05 09:43:26.564,1.37046,1.37065,1.12,1.75
2016.10.05 09:43:26.614,1.37047,1.37065,1.00,1.50
2016.10.05 09:43:26.715,1.37045,1.37065,1.87,1.50
2016.10.05 09:43:27.021,1.37045,1.37065,1.87,1.50
2016.10.05 09:43:27.197,1.37048,1.37066,1.00,2.25
2016.10.05 09:43:27.250,1.37048,1.37066,1.00,1.75
2016.10.05 09:43:27.412,1.37048,1.37066,1.00,1.75
2016.10.05 09:43:29.117,1.37048,1.37066,1.00,1.75
2016.10.05 09:43:29.219,1.37048,1.37066,1.50,1.75
2016.10.05 09:43:29.320,1.37049,1.37066,1.00,1.75
2016.10.05 09:43:29.511,1.3705,1.3707,1.50,1.87
2016.10.05 09:43:29.563,1.3705,1.3707,1.50,1.75
2016.10.05 09:43:29.669,1.3705,1.3707,1.50,1.87
2016.10.05 09:43:30.120,1.3705,1.3707,1.50,1.75
2016.10.05 09:43:30.222,1.3705,1.3707,1.50,1.75
2016.10.05 09:43:30.754,1.3705,1.3707,1.00,1.75
2016.10.05 09:43:31.310,1.3705,1.3707,1.50,1.75
2016.10.05 09:43:31.825,1.3705,1.3707,1.50,1.75
2016.10.05 09:43:31.926,1.3705,1.3707,1.50,1.75
2016.10.05 09:43:32.426,1.3705,1.3707,1.50,1.75
2016.10.05 09:43:32.477,1.3705,1.37069,1.00,1.75
2016.10.05 09:43:32.928,1.3705,1.37069,1.00,1.75
2016.10.05 09:43:33.031,1.3705,1.37069,1.00,1.75
2016.10.05 09:43:33.950,1.3705,1.37069,1.00,1.75
2016.10.05 09:43:34.189,1.37049,1.37069,1.12,1.75
2016.10.05 09:43:34.249,1.37049,1.37068,1.12,1.75
2016.10.05 09:43:34.299,1.37049,1.37067,1.12,1.50
2016.10.05 09:43:34.350,1.37049,1.37067,1.00,1.75
2016.10.05 09:43:34.452,1.37049,1.37067,1.00,1.75
2016.10.05 09:43:34.979,1.37049,1.37067,1.50,1.75
2016.10.05 09:43:36.508,1.37049,1.37067,1.50,1.75
2016.10.05 09:43:36.716,1.37049,1.37067,1.00,1.75
2016.10.05 09:43:40.989,1.37049,1.37067,1.50,1.75
2016.10.05 09:43:41.040,1.37051,1.37069,1.00,1.75
2016.10.05 09:43:41.091,1.37051,1.37069,1.00,1.75
2016.10.05 09:43:42.344,1.37052,1.37069,1.00,1.75
2016.10.05 09:43:42.496,1.37052,1.3707,1.50,1.75
2016.10.05 09:43:42.607,1.37052,1.3707,1.50,1.75
2016.10.05 09:43:43.378,1.37052,1.3707,1.50,1.75
2016.10.05 09:43:43.479,1.37053,1.37072,1.00,1.87
2016.10.05 09:43:43.530,1.37053,1.37072,1.00,1.75
2016.10.05 09:43:43.581,1.37053,1.37072,1.00,1.75
2016.10.05 09:43:43.766,1.37052,1.37072,1.50,1.75
2016.10.05 09:43:43.817,1.37052,1.37069,1.00,1.75
2016.10.05 09:43:43.868,1.37051,1.37069,1.00,1.75
2016.10.05 09:43:44.481,1.37053,1.37069,1.00,1.75
2016.10.05 09:43:44.685,1.3705,1.37069,1.12,1.75
2016.10.05 09:43:45.064,1.37051,1.37069,1.00,1.75
2016.10.05 09:43:45.757,1.37049,1.37069,1.50,3.00
2016.10.05 09:43:45.996,1.37049,1.37069,1.50,2.25
2016.10.05 09:43:46.070,1.37048,1.37066,1.50,1.12
2016.10.05 09:43:46.121,1.37048,1.37066,1.00,1.12
2016.10.05 09:43:46.172,1.37048,1.37066,1.00,1.12
2016.10.05 09:43:46.223,1.37048,1.37066,1.00,1.75
2016.10.05 09:43:48.165,1.37048,1.37066,1.00,1.75
2016.10.05 09:43:48.368,1.37048,1.37066,1.00,1.75
2016.10.05 09:43:48.665,1.37048,1.37066,1.00,1.75
2016.10.05 09:43:50.194,1.37048,1.37066,1.00,1.75
2016.10.05 09:43:50.295,1.37048,1.37066,1.50,1.75
2016.10.05 09:43:50.739,1.37048,1.37066,1.00,1.75
2016.10.05 09:43:50.789,1.37048,1.37066,1.50,1.75
2016.10.05 09:43:51.491,1.37048,1.37066,1.50,1.12
2016.10.05 09:43:51.550,1.37052,1.37069,1.00,1.75
2016.10.05 09:43:51.601,1.37053,1.3707,1.00,1.50
2016.10.05 09:43:51.703,1.37053,1.3707,1.50,1.50
2016.10.05 09:43:51.753,1.37053,1.37071,1.50,1.75
2016.10.05 09:43:51.804,1.37053,1.37071,1.87,1.50
2016.10.05 09:43:51.906,1.37055,1.37071,1.00,1.50
2016.10.05 09:43:52.205,1.37054,1.37071,1.00,1.50
2016.10.05 09:43:52.306,1.37053,1.37071,1.87,1.50
2016.10.05 09:43:52.408,1.37054,1.37071,1.00,1.50
2016.10.05 09:43:52.458,1.37054,1.37071,1.00,1.50
2016.10.05 09:43:52.689,1.37053,1.37071,1.87,1.50
2016.10.05 09:43:52.870,1.37053,1.37071,1.87,1.50
2016.10.05 09:43:52.971,1.37055,1.37071,1.00,1.50
2016.10.05 09:43:53.022,1.37055,1.37074,1.00,1.75
2016.10.05 09:43:53.226,1.37054,1.37074,1.00,1.75
2016.10.05 09:43:53.380,1.37054,1.37074,1.50,1.75
2016.10.05 09:43:53.481,1.37054,1.37074,1.50,1.75
2016.10.05 09:43:53.582,1.37056,1.37074,1.50,1.00
2016.10.05 09:43:53.818,1.37056,1.37074,1.50,1.00
2016.10.05 09:43:54.164,1.37056,1.37074,1.50,1.00
2016.10.05 09:43:54.266,1.37056,1.37074,1.50,1.50
2016.10.05 09:43:54.316,1.37054,1.37074,2.25,1.50
2016.10.05 09:43:54.469,1.37054,1.37074,2.25,1.50
2016.10.05 09:43:54.621,1.37054,1.37073,1.50,1.00
2016.10.05 09:43:54.673,1.37052,1.3707,1.75,1.00
2016.10.05 09:43:54.724,1.37054,1.37072,1.75,1.00
2016.10.05 09:43:54.774,1.37054,1.37072,1.75,1.00
2016.10.05 09:43:54.879,1.37054,1.37072,1.12,1.00
2016.10.05 09:43:55.217,1.37054,1.37072,1.00,1.00
2016.10.05 09:43:55.340,1.37054,1.37072,1.00,1.00
2016.10.05 09:43:55.391,1.37054,1.37072,1.00,1.00
2016.10.05 09:43:55.761,1.37054,1.37072,1.50,1.00
2016.10.05 09:43:55.812,1.37054,1.37072,2.25,1.00
2016.10.05 09:43:56.317,1.37055,1.37072,1.12,1.00
2016.10.05 09:43:56.522,1.37052,1.3707,1.12,1.00
2016.10.05 09:43:56.573,1.37052,1.3707,1.75,1.00
2016.10.05 09:43:56.624,1.37054,1.37072,1.50,1.50
2016.10.05 09:43:56.675,1.37054,1.37072,1.50,1.00
2016.10.05 09:43:56.726,1.37054,1.37072,1.50,1.00
2016.10.05 09:43:56.777,1.37055,1.37072,1.75,1.00
2016.10.05 09:43:56.953,1.37057,1.37075,1.12,1.00
2016.10.05 09:43:57.656,1.37054,1.3707,1.75,1.00
2016.10.05 09:43:57.708,1.37052,1.3707,3.00,1.00
2016.10.05 09:43:57.812,1.37054,1.3707,1.50,1.00
2016.10.05 09:43:57.914,1.37053,1.3707,1.75,1.00
2016.10.05 09:43:58.016,1.37054,1.3707,1.50,1.00
2016.10.05 09:43:58.198,1.37054,1.3707,1.50,1.00
2016.10.05 09:43:58.513,1.37052,1.3707,3.37,1.00
2016.10.05 09:43:58.665,1.37052,1.3707,3.00,1.00
2016.10.05 09:43:58.716,1.37053,1.3707,1.75,1.00
2016.10.05 09:43:59.090,1.37052,1.3707,2.62,1.00
2016.10.05 09:43:59.143,1.37052,1.3707,2.25,1.00
2016.10.05 09:43:59.194,1.37052,1.3707,1.75,1.00
2016.10.05 09:44:00.621,1.37052,1.3707,2.25,1.00
2016.10.05 09:44:00.723,1.37052,1.3707,1.75,1.00
2016.10.05 09:44:01.192,1.37052,1.3707,2.25,1.00
2016.10.05 09:44:01.243,1.37052,1.3707,2.25,1.00
2016.10.05 09:44:02.045,1.37052,1.3707,2.25,1.00
2016.10.05 09:44:02.096,1.37052,1.3707,1.75,1.00
2016.10.05 09:44:02.147,1.37051,1.37069,1.50,1.00
2016.10.05 09:44:02.198,1.3705,1.37069,1.75,1.00
2016.10.05 09:44:02.649,1.37049,1.37069,1.75,1.00
2016.10.05 09:44:02.709,1.3705,1.37069,1.75,1.00
2016.10.05 09:44:02.914,1.3705,1.37069,1.75,1.00
2016.10.05 09:44:03.135,1.37049,1.37069,1.75,1.00
2016.10.05 09:44:03.362,1.37049,1.37069,2.25,1.12
2016.10.05 09:44:03.413,1.37049,1.37069,1.75,1.12
2016.10.05 09:44:03.514,1.37049,1.37069,2.25,1.12
2016.10.05 09:44:03.638,1.37049,1.37069,2.25,1.12
2016.10.05 09:44:03.688,1.37049,1.37069,2.25,1.87
2016.10.05 09:44:04.114,1.37049,1.37069,2.25,1.87
2016.10.05 09:44:04.240,1.37049,1.37069,2.25,1.87
2016.10.05 09:44:04.441,1.37049,1.37069,2.25,1.87
2016.10.05 09:44:04.904,1.37049,1.37069,2.25,1.87
2016.10.05 09:44:05.227,1.37049,1.37069,2.25,1.87
2016.10.05 09:44:05.434,1.37049,1.37069,2.25,1.87
2016.10.05 09:44:05.542,1.37049,1.37069,1.75,2.62
2016.10.05 09:44:05.694,1.37049,1.37069,1.00,3.00
2016.10.05 09:44:05.745,1.37048,1.37064,1.12,1.00
2016.10.05 09:44:05.873,1.37048,1.37064,1.12,1.00
2016.10.05 09:44:05.924,1.37047,1.37064,1.50,1.00
2016.10.05 09:44:06.030,1.37046,1.37064,1.75,1.00
2016.10.05 09:44:06.242,1.37046,1.37064,1.75,1.00
2016.10.05 09:44:06.473,1.37046,1.37064,1.50,1.00
2016.10.05 09:44:07.708,1.37046,1.37064,2.25,1.00
2016.10.05 09:44:07.799,1.37046,1.37064,1.50,1.00
2016.10.05 09:44:08.084,1.37046,1.37064,1.50,1.50
2016.10.05 09:44:10.779,1.37046,1.37064,1.50,1.00
2016.10.05 09:44:13.371,1.37044,1.37062,1.75,1.00
2016.10.05 09:44:13.422,1.37044,1.37062,2.25,1.00
2016.10.05 09:44:13.473,1.37044,1.37062,2.25,1.00
2016.10.05 09:44:13.523,1.37044,1.37062,1.75,1.00
2016.10.05 09:44:13.648,1.37044,1.37062,1.75,1.50
2016.10.05 09:44:13.750,1.37044,1.37062,2.25,1.50
2016.10.05 09:44:13.865,1.37044,1.37062,1.75,1.50
2016.10.05 09:44:15.480,1.37044,1.37062,2.25,1.50
2016.10.05 09:44:15.531,1.37044,1.37062,1.75,1.50
2016.10.05 09:44:16.328,1.37045,1.37062,1.50,1.50
2016.10.05 09:44:16.379,1.37045,1.37062,1.50,1.00
2016.10.05 09:44:17.589,1.37045,1.37063,2.25,1.12
2016.10.05 09:44:18.596,1.37045,1.37063,2.25,1.12
2016.10.05 09:44:21.497,1.37045,1.37063,2.25,1.12
2016.10.05 09:44:21.909,1.37045,1.37063,2.25,1.12
2016.10.05 09:44:22.061,1.37045,1.37063,2.25,1.12
2016.10.05 09:44:22.608,1.37045,1.37063,2.25,1.12
2016.10.05 09:44:24.389,1.37045,1.37063,2.25,1.12
2016.10.05 09:44:25.369,1.37045,1.37063,1.50,1.12
2016.10.05 09:44:25.518,1.37045,1.37063,1.50,1.12
2016.10.05 09:44:25.569,1.3704,1.37058,2.59,1.00
2016.10.05 09:44:25.620,1.3704,1.37058,1.75,1.04
2016.10.05 09:44:25.722,1.3704,1.37058,1.12,1.50
2016.10.05 09:44:25.772,1.3704,1.37058,1.12,2.25
2016.10.05 09:44:25.823,1.3704,1.37058,1.00,2.25
2016.10.05 09:44:25.874,1.3704,1.37058,1.00,1.75
2016.10.05 09:44:25.925,1.3704,1.37058,1.05,1.75
2016.10.05 09:44:26.478,1.3704,1.37058,1.05,1.75
2016.10.05 09:44:26.589,1.3704,1.37058,1.05,1.75
2016.10.05 09:44:26.639,1.3704,1.37058,1.00,1.75
2016.10.05 09:44:27.302,1.37039,1.37057,1.00,1.75
2016.10.05 09:44:28.884,1.37039,1.37057,1.00,1.75
2016.10.05 09:44:29.053,1.37039,1.37057,1.50,1.75
2016.10.05 09:44:29.105,1.3704,1.3706,1.00,2.25
2016.10.05 09:44:29.156,1.37043,1.3706,1.00,1.75
2016.10.05 09:44:29.207,1.37043,1.3706,1.00,1.75
2016.10.05 09:44:29.308,1.37043,1.3706,1.12,1.00
2016.10.05 09:44:29.511,1.37043,1.37061,1.87,1.00
2016.10.05 09:44:29.562,1.37044,1.37061,1.00,1.00
2016.10.05 09:44:29.724,1.37046,1.37064,1.00,1.75
2016.10.05 09:44:29.826,1.37046,1.37064,1.00,1.75
2016.10.05 09:44:29.877,1.37044,1.37064,2.25,1.50
2016.10.05 09:44:29.928,1.37044,1.37064,2.25,1.50
2016.10.05 09:44:29.980,1.37046,1.37064,1.12,1.50
2016.10.05 09:44:30.031,1.37046,1.37064,1.12,1.50
2016.10.05 09:44:30.082,1.37046,1.37066,1.12,1.75
2016.10.05 09:44:30.692,1.37046,1.37066,1.12,1.75
2016.10.05 09:44:30.793,1.37046,1.37066,1.12,2.25
2016.10.05 09:44:31.290,1.37046,1.37066,1.12,2.25
2016.10.05 09:44:31.692,1.37046,1.37066,1.87,1.75
2016.10.05 09:44:31.744,1.37046,1.37066,2.25,1.50
2016.10.05 09:44:31.795,1.37046,1.37066,2.25,1.50
2016.10.05 09:44:32.241,1.37046,1.37066,1.75,1.50
2016.10.05 09:44:32.293,1.37046,1.37066,1.75,1.50
2016.10.05 09:44:32.396,1.37046,1.37066,1.75,1.50
2016.10.05 09:44:32.578,1.37048,1.37066,1.12,1.50
2016.10.05 09:44:32.629,1.37048,1.37066,1.12,1.50
2016.10.05 09:44:36.048,1.37048,1.37066,1.12,1.50
2016.10.05 09:44:36.620,1.37048,1.37066,1.12,1.50
2016.10.05 09:44:36.670,1.37048,1.37066,1.87,1.50
2016.10.05 09:44:36.721,1.37048,1.37066,1.87,1.50
2016.10.05 09:44:36.822,1.37048,1.37066,2.25,1.12
2016.10.05 09:44:37.160,1.37049,1.37066,1.12,1.12
2016.10.05 09:44:37.313,1.37049,1.37066,1.12,1.12
2016.10.05 09:44:37.740,1.3705,1.37068,1.00,1.75
2016.10.05 09:44:41.151,1.3705,1.37068,1.00,1.75
2016.10.05 09:44:41.303,1.3705,1.37068,1.50,1.12
2016.10.05 09:44:41.505,1.37052,1.37068,1.00,1.12
2016.10.05 09:44:41.556,1.37052,1.37068,1.00,1.00
2016.10.05 09:44:42.288,1.37052,1.3707,1.50,1.12
2016.10.05 09:44:42.338,1.37052,1.3707,1.50,1.12
2016.10.05 09:44:43.280,1.37052,1.3707,1.00,1.12
2016.10.05 09:44:43.448,1.37052,1.3707,1.00,1.87
2016.10.05 09:44:43.550,1.37052,1.3707,1.00,1.87
2016.10.05 09:44:43.600,1.37048,1.37068,2.62,1.00
2016.10.05 09:44:43.651,1.37048,1.37068,2.62,1.12
2016.10.05 09:44:43.702,1.37048,1.37068,3.37,1.12
2016.10.05 09:44:43.753,1.37048,1.37068,3.00,1.12
2016.10.05 09:44:43.803,1.37048,1.37068,2.25,1.12
2016.10.05 09:44:43.905,1.37049,1.37068,1.75,1.12
2016.10.05 09:44:44.275,1.37048,1.37068,2.25,1.12
2016.10.05 09:44:44.427,1.37048,1.37068,2.25,1.12
2016.10.05 09:44:44.478,1.37048,1.37068,1.75,1.87
2016.10.05 09:44:44.529,1.37048,1.37068,1.75,2.62
2016.10.05 09:44:44.580,1.37048,1.37066,1.75,1.00
2016.10.05 09:44:44.630,1.37048,1.37066,1.75,1.00
2016.10.05 09:44:44.732,1.37047,1.37066,1.50,2.25
2016.10.05 09:44:45.188,1.37047,1.37066,1.50,1.50
2016.10.05 09:44:45.715,1.37047,1.37065,1.50,1.12
2016.10.05 09:44:46.163,1.37047,1.37065,1.50,1.12
2016.10.05 09:44:46.541,1.37047,1.37065,2.25,1.12
2016.10.05 09:44:46.643,1.37047,1.37065,2.25,1.12
2016.10.05 09:44:46.744,1.37047,1.37065,2.25,1.12
2016.10.05 09:44:46.795,1.37047,1.37065,3.00,1.12
2016.10.05 09:44:46.846,1.37047,1.37065,3.00,1.12
2016.10.05 09:44:47.193,1.37047,1.37065,2.25,1.12
2016.10.05 09:44:47.597,1.37047,1.37067,2.25,1.75
2016.10.05 09:44:47.648,1.37047,1.37067,2.25,1.75
2016.10.05 09:44:51.118,1.37047,1.37067,1.50,1.75
2016.10.05 09:44:52.947,1.37047,1.37067,1.50,1.75
2016.10.05 09:44:53.151,1.37047,1.37067,1.50,1.75
2016.10.05 09:44:53.253,1.37047,1.37067,1.50,1.75
2016.10.05 09:44:53.304,1.37048,1.37067,1.12,1.75
2016.10.05 09:44:53.355,1.37049,1.37067,1.00,1.75
2016.10.05 09:44:53.534,1.3705,1.37067,1.12,1.12
2016.10.05 09:44:54.127,1.37049,1.37067,1.00,1.12
2016.10.05 09:44:54.177,1.37049,1.37067,1.00,1.12
2016.10.05 09:44:54.279,1.37049,1.37067,1.00,1.75
2016.10.05 09:44:54.787,1.37049,1.37067,1.00,1.75
2016.10.05 09:44:54.989,1.37049,1.37067,1.00,2.25
2016.10.05 09:44:55.252,1.37049,1.37067,1.00,2.25
2016.10.05 09:44:55.302,1.37049,1.37067,1.00,1.75
2016.10.05 09:44:57.272,1.37049,1.37067,1.75,1.00
2016.10.05 09:44:58.079,1.37049,1.37067,1.75,1.00
2016.10.05 09:44:58.787,1.37049,1.37067,2.25,1.00
2016.10.05 09:44:58.945,1.37051,1.37069,1.75,1.00
2016.10.05 09:44:59.062,1.37051,1.37069,1.75,1.00
2016.10.05 09:45:00.405,1.37051,1.37069,1.75,1.00
2016.10.05 09:45:01.047,1.37051,1.37069,1.75,1.00
2016.10.05 09:45:01.202,1.37051,1.37069,1.75,1.00
2016.10.05 09:45:01.303,1.37051,1.37069,1.75,1.00
2016.10.05 09:45:01.709,1.37051,1.37069,1.75,1.00
2016.10.05 09:45:01.810,1.37051,1.37069,1.75,1.50
2016.10.05 09:45:02.660,1.37049,1.37069,1.75,1.50
2016.10.05 09:45:03.132,1.37049,1.37069,1.75,1.00
2016.10.05 09:45:03.362,1.37049,1.37069,1.75,1.00
2016.10.05 09:45:04.414,1.37049,1.37069,1.75,1.00
2016.10.05 09:45:04.988,1.37049,1.37069,1.75,1.00
2016.10.05 09:45:05.906,1.37049,1.37068,1.75,1.00
2016.10.05 09:45:06.662,1.37048,1.37068,1.75,1.50
2016.10.05 09:45:07.530,1.37048,1.37068,1.75,1.00
2016.10.05 09:45:07.581,1.37048,1.37068,1.75,1.50
2016.10.05 09:45:08.349,1.37048,1.37068,2.25,1.50
2016.10.05 09:45:08.401,1.37048,1.37068,2.25,1.50
2016.10.05 09:45:08.453,1.37048,1.37068,2.25,1.50
2016.10.05 09:45:11.451,1.37048,1.37068,2.25,1.50
2016.10.05 09:45:11.552,1.37048,1.37068,2.25,1.50
2016.10.05 09:45:11.653,1.37048,1.37068,2.25,1.00
2016.10.05 09:45:11.755,1.37048,1.37068,2.25,1.00
2016.10.05 09:45:11.947,1.37048,1.37068,2.25,1.00
2016.10.05 09:45:11.998,1.37048,1.37068,1.75,1.00
2016.10.05 09:45:12.099,1.37049,1.37068,1.75,1.00
2016.10.05 09:45:12.150,1.37049,1.37068,1.75,1.00
2016.10.05 09:45:12.421,1.3705,1.37068,1.75,1.00
2016.10.05 09:45:12.472,1.3705,1.37068,2.25,1.00
2016.10.05 09:45:12.573,1.3705,1.37068,2.25,1.00
2016.10.05 09:45:12.984,1.37051,1.37071,1.75,1.87
2016.10.05 09:45:13.035,1.37051,1.37071,1.75,1.87
2016.10.05 09:45:13.087,1.3705,1.37068,2.25,1.00
2016.10.05 09:45:13.526,1.3705,1.37068,1.75,1.00
2016.10.05 09:45:13.578,1.3705,1.37068,1.75,1.00
2016.10.05 09:45:15.054,1.3705,1.37068,1.75,1.00
2016.10.05 09:45:17.735,1.37048,1.37068,2.25,1.00
2016.10.05 09:45:18.179,1.37048,1.37068,1.75,1.00
2016.10.05 09:45:18.729,1.37048,1.37068,1.75,1.00
2016.10.05 09:45:18.780,1.37048,1.37068,1.75,1.00
2016.10.05 09:45:18.881,1.37047,1.37067,2.25,1.00
2016.10.05 09:45:18.933,1.37047,1.37067,1.75,1.00
2016.10.05 09:45:20.075,1.37047,1.37067,1.75,1.00
2016.10.05 09:45:20.126,1.37047,1.37067,1.75,1.50
2016.10.05 09:45:20.177,1.37047,1.37067,1.75,1.50
2016.10.05 09:45:20.951,1.37047,1.37067,1.75,1.00
2016.10.05 09:45:21.001,1.37047,1.37067,1.75,1.00
2016.10.05 09:45:21.052,1.37047,1.37067,2.25,1.00
2016.10.05 09:45:21.123,1.37047,1.37067,2.25,1.00
2016.10.05 09:45:21.290,1.37047,1.37067,2.25,1.00
2016.10.05 09:45:21.721,1.37047,1.37067,1.75,1.00
2016.10.05 09:45:25.661,1.37047,1.37067,1.75,1.00
2016.10.05 09:45:27.177,1.37047,1.37067,2.25,1.00
2016.10.05 09:45:27.317,1.37048,1.37067,1.75,1.00
2016.10.05 09:45:27.418,1.37049,1.37067,1.50,1.00
2016.10.05 09:45:40.159,1.37049,1.37067,1.50,1.50
2016.10.05 09:45:40.210,1.37049,1.37067,1.12,2.25
2016.10.05 09:45:40.681,1.37049,1.37067,1.12,2.25
2016.10.05 09:45:41.270,1.37049,1.37067,1.12,1.50
2016.10.05 09:45:41.635,1.37049,1.37067,1.12,1.50
2016.10.05 09:45:42.412,1.37049,1.37067,1.12,2.25
2016.10.05 09:45:42.790,1.37049,1.37067,1.12,1.50
2016.10.05 09:45:43.291,1.37049,1.37067,1.12,1.50
2016.10.05 09:45:43.486,1.37049,1.37067,1.12,1.50
2016.10.05 09:45:44.570,1.37049,1.37067,1.75,1.00
2016.10.05 09:45:44.672,1.37049,1.37067,1.75,1.00
2016.10.05 09:45:44.874,1.37051,1.3707,1.50,1.50
2016.10.05 09:45:45.079,1.37051,1.3707,1.50,1.50
2016.10.05 09:45:45.348,1.37051,1.3707,1.50,1.50
2016.10.05 09:45:45.896,1.3705,1.3707,2.25,1.50
2016.10.05 09:45:46.099,1.37051,1.3707,1.50,1.50
2016.10.05 09:45:46.169,1.3705,1.3707,2.25,1.50
2016.10.05 09:45:46.586,1.37051,1.3707,1.50,1.50
2016.10.05 09:45:48.090,1.37052,1.3707,1.12,1.50
2016.10.05 09:45:50.010,1.37052,1.3707,1.12,1.50
2016.10.05 09:45:50.112,1.3705,1.3707,2.25,1.50
2016.10.05 09:45:50.214,1.3705,1.3707,1.75,1.50
2016.10.05 09:45:50.265,1.3705,1.3707,1.75,2.25
2016.10.05 09:45:50.913,1.3705,1.37069,1.75,1.12
2016.10.05 09:45:50.964,1.3705,1.37069,1.12,1.12
2016.10.05 09:45:51.034,1.37048,1.37068,2.25,1.00
2016.10.05 09:45:51.184,1.37048,1.37068,2.25,1.00
2016.10.05 09:45:51.235,1.37048,1.37068,1.75,1.00
2016.10.05 09:45:52.210,1.37048,1.37068,1.75,1.00
2016.10.05 09:45:52.677,1.37048,1.37068,1.75,1.50
2016.10.05 09:45:53.327,1.37048,1.37068,1.75,1.50
2016.10.05 09:45:53.549,1.37048,1.37068,1.75,1.00
2016.10.05 09:45:53.600,1.37048,1.37066,1.75,1.00
2016.10.05 09:45:53.911,1.37049,1.37066,1.50,1.00
2016.10.05 09:45:53.962,1.37051,1.37069,1.00,1.12
2016.10.05 09:45:54.130,1.37052,1.37069,1.50,1.00
2016.10.05 09:45:54.181,1.37053,1.37069,1.12,1.00
2016.10.05 09:45:54.335,1.37053,1.37069,1.12,1.00
2016.10.05 09:45:54.438,1.37053,1.37069,1.12,1.00
2016.10.05 09:45:56.428,1.37053,1.37071,1.87,1.50
2016.10.05 09:45:56.479,1.37053,1.37071,1.12,1.50
2016.10.05 09:45:58.729,1.37053,1.37071,1.12,1.50
2016.10.05 09:45:58.831,1.37053,1.37071,1.12,1.50
2016.10.05 09:45:58.882,1.37053,1.37071,1.12,1.00
2016.10.05 09:46:00.975,1.37053,1.37071,1.00,1.00
2016.10.05 09:46:01.076,1.37053,1.37071,1.00,1.50
2016.10.05 09:46:01.127,1.37053,1.37071,1.00,2.25
2016.10.05 09:46:01.199,1.37053,1.3707,1.00,1.12
2016.10.05 09:46:01.401,1.37051,1.37069,1.50,1.00
2016.10.05 09:46:02.512,1.37051,1.37069,2.25,1.00
2016.10.05 09:46:02.640,1.37051,1.37069,1.50,1.00
2016.10.05 09:46:04.445,1.37051,1.37069,1.50,1.00
2016.10.05 09:46:05.448,1.37051,1.37069,1.50,1.00
2016.10.05 09:46:05.682,1.37051,1.37069,1.50,1.00
2016.10.05 09:46:08.772,1.37051,1.37069,1.50,1.50
2016.10.05 09:46:08.823,1.37051,1.37069,1.12,2.25
2016.10.05 09:46:09.324,1.37051,1.37069,1.12,3.00
2016.10.05 09:46:10.690,1.37051,1.37067,1.12,1.00
2016.10.05 09:46:10.792,1.37051,1.37067,1.00,1.00
2016.10.05 09:46:11.954,1.37048,1.37067,1.50,1.00
2016.10.05 09:46:16.019,1.37048,1.37066,1.50,1.00
2016.10.05 09:46:16.171,1.37048,1.37067,1.12,1.87
2016.10.05 09:46:16.358,1.37044,1.37064,2.25,1.00
2016.10.05 09:46:17.069,1.37044,1.37064,2.25,1.00
2016.10.05 09:46:17.120,1.37044,1.37064,2.25,1.00
2016.10.05 09:46:18.776,1.37044,1.37064,2.25,1.50
2016.10.05 09:46:18.827,1.37045,1.37064,1.50,1.50
2016.10.05 09:46:19.612,1.37044,1.37064,1.75,1.50
2016.10.05 09:46:19.663,1.37044,1.37064,1.50,1.75
2016.10.05 09:46:19.790,1.37043,1.37061,1.87,1.50
2016.10.05 09:46:19.841,1.37042,1.37061,1.50,1.50
2016.10.05 09:46:19.892,1.37041,1.3706,1.00,1.87
2016.10.05 09:46:19.943,1.37039,1.37057,1.12,1.50
2016.10.05 09:46:19.994,1.37039,1.37057,1.00,2.25
2016.10.05 09:46:20.045,1.37039,1.37057,1.00,2.25
2016.10.05 09:46:20.096,1.37039,1.37057,1.00,1.50
2016.10.05 09:46:21.020,1.37039,1.37057,1.00,1.50
2016.10.05 09:46:21.071,1.37036,1.37056,1.50,1.12
2016.10.05 09:46:21.317,1.37036,1.37056,1.12,1.50
2016.10.05 09:46:21.418,1.37036,1.37056,1.12,1.50
2016.10.05 09:46:21.520,1.37036,1.37056,1.87,1.50
2016.10.05 09:46:21.621,1.37037,1.37056,1.00,1.50
2016.10.05 09:46:21.831,1.37037,1.37056,1.00,1.50
2016.10.05 09:46:21.882,1.37036,1.37056,1.87,1.50
2016.10.05 09:46:21.933,1.37036,1.37056,1.12,1.50
2016.10.05 09:46:22.035,1.37036,1.37056,1.12,1.50
2016.10.05 09:46:22.137,1.37036,1.37056,1.12,2.25
2016.10.05 09:46:24.309,1.37036,1.37056,1.12,2.25
2016.10.05 09:46:25.046,1.37036,1.37056,1.12,2.25
2016.10.05 09:46:25.598,1.37036,1.37055,1.00,1.12
2016.10.05 09:46:25.649,1.37034,1.37053,1.00,1.75
2016.10.05 09:46:25.750,1.37034,1.37053,1.00,1.75
2016.10.05 09:46:26.009,1.37033,1.37053,1.50,1.75
2016.10.05 09:46:28.281,1.37034,1.37053,1.00,1.75
2016.10.05 09:46:29.249,1.37034,1.37053,1.00,1.75
2016.10.05 09:46:29.957,1.37034,1.37053,1.00,1.75
2016.10.05 09:46:30.058,1.37034,1.37053,1.00,1.75
2016.10.05 09:46:30.250,1.37033,1.3705,1.00,1.50
2016.10.05 09:46:30.301,1.3703,1.3705,1.50,1.50
2016.10.05 09:46:30.352,1.3703,1.3705,1.00,1.75
2016.10.05 09:46:32.050,1.3703,1.3705,1.00,1.75
2016.10.05 09:46:32.101,1.37028,1.37048,1.00,1.75
2016.10.05 09:46:32.151,1.37028,1.37048,1.00,1.75
2016.10.05 09:46:32.581,1.37028,1.37048,1.00,2.62
2016.10.05 09:46:33.448,1.37028,1.37048,1.00,1.87
2016.10.05 09:46:34.391,1.37028,1.37048,1.00,1.75
2016.10.05 09:46:34.497,1.37028,1.37048,1.00,1.75
2016.10.05 09:46:36.556,1.37028,1.37048,1.00,1.87
2016.10.05 09:46:36.606,1.37028,1.37048,1.00,1.87
2016.10.05 09:46:37.098,1.37028,1.37048,1.50,1.87
2016.10.05 09:46:37.149,1.3703,1.37048,1.00,1.87
2016.10.05 09:46:37.200,1.37031,1.37048,1.00,1.12
2016.10.05 09:46:37.403,1.37031,1.37048,1.00,1.00
2016.10.05 09:46:37.505,1.37032,1.37049,1.00,1.50
2016.10.05 09:46:37.748,1.37031,1.37049,1.50,1.50
2016.10.05 09:46:39.160,1.37032,1.37049,1.00,1.50
2016.10.05 09:46:41.350,1.37032,1.37049,1.00,1.75
2016.10.05 09:46:41.681,1.37031,1.37049,1.00,1.75
2016.10.05 09:46:41.782,1.37031,1.37049,1.50,1.75
2016.10.05 09:46:42.180,1.37031,1.37049,1.00,1.75
2016.10.05 09:46:42.575,1.37031,1.37049,1.00,1.75
2016.10.05 09:46:42.626,1.37031,1.37051,1.00,1.75
2016.10.05 09:46:42.872,1.37031,1.37051,1.50,1.75
2016.10.05 09:46:42.923,1.37031,1.37051,1.50,1.75
2016.10.05 09:46:44.429,1.37031,1.37051,1.50,1.75
2016.10.05 09:46:44.481,1.37031,1.37051,1.50,1.75
2016.10.05 09:46:44.683,1.37031,1.37051,1.50,1.75
2016.10.05 09:46:44.855,1.37031,1.37051,1.50,1.75
2016.10.05 09:46:44.906,1.37032,1.37051,1.00,1.75
2016.10.05 09:46:44.959,1.37032,1.37051,1.00,1.75
2016.10.05 09:46:45.010,1.37032,1.37051,1.00,1.75
2016.10.05 09:46:46.189,1.37032,1.37051,1.00,1.12
2016.10.05 09:46:46.239,1.37032,1.37052,1.50,1.50
2016.10.05 09:46:46.417,1.37034,1.37052,1.00,1.12
2016.10.05 09:46:46.791,1.37033,1.37052,1.00,1.12
2016.10.05 09:46:47.172,1.37032,1.37052,1.87,1.12
2016.10.05 09:46:47.223,1.37033,1.37053,1.00,1.50
2016.10.05 09:46:47.390,1.37033,1.37053,1.50,1.50
2016.10.05 09:46:47.789,1.37033,1.37053,1.50,1.50
2016.10.05 09:46:48.209,1.37034,1.37054,1.00,1.75
2016.10.05 09:46:54.168,1.37034,1.37054,1.50,1.75
2016.10.05 09:46:54.329,1.37034,1.37054,1.50,1.75
2016.10.05 09:46:54.497,1.37034,1.37054,1.50,1.75
2016.10.05 09:46:54.968,1.37036,1.37054,1.00,1.75
2016.10.05 09:46:55.019,1.37036,1.37054,1.00,1.75
2016.10.05 09:46:55.070,1.3704,1.37054,1.00,1.75
2016.10.05 09:46:55.121,1.3704,1.37054,1.00,1.12
2016.10.05 09:46:55.171,1.3704,1.37057,1.00,1.75
2016.10.05 09:46:55.222,1.3704,1.37057,1.00,1.75
2016.10.05 09:46:55.273,1.37041,1.3706,1.00,1.75
2016.10.05 09:46:55.324,1.37041,1.3706,1.00,1.75
2016.10.05 09:46:56.019,1.37042,1.3706,1.00,1.75
2016.10.05 09:46:56.070,1.37042,1.3706,1.00,1.00
2016.10.05 09:46:56.121,1.37041,1.3706,1.00,1.00
2016.10.05 09:46:56.171,1.3704,1.37059,1.12,1.00
2016.10.05 09:46:56.323,1.3704,1.37059,1.12,1.00
2016.10.05 09:46:56.424,1.3704,1.37059,1.12,1.00
2016.10.05 09:46:56.606,1.3704,1.3706,1.12,1.50
2016.10.05 09:46:56.657,1.3704,1.3706,1.75,1.50
2016.10.05 09:46:56.708,1.3704,1.3706,2.25,1.00
2016.10.05 09:46:56.759,1.3704,1.3706,2.25,1.00
2016.10.05 09:46:56.914,1.3704,1.3706,2.25,1.00
2016.10.05 09:46:57.067,1.3704,1.3706,2.25,1.00
2016.10.05 09:46:57.169,1.3704,1.3706,1.50,1.00
2016.10.05 09:46:57.270,1.3704,1.37054,1.00,1.00
2016.10.05 09:46:57.437,1.37036,1.37054,3.37,1.00
2016.10.05 09:46:57.488,1.37036,1.37054,3.37,1.00
2016.10.05 09:46:58.090,1.37038,1.37054,1.75,1.00
2016.10.05 09:46:58.241,1.37041,1.37059,1.75,1.50
2016.10.05 09:46:58.402,1.37041,1.37059,1.75,1.00
2016.10.05 09:46:58.724,1.37041,1.37057,1.75,1.00
2016.10.05 09:46:58.775,1.37036,1.37057,1.87,1.00
2016.10.05 09:46:58.826,1.37036,1.37057,1.87,1.75
2016.10.05 09:46:58.876,1.37032,1.37052,1.75,1.00
2016.10.05 09:46:58.931,1.37031,1.37052,3.00,1.00
2016.10.05 09:46:59.001,1.37031,1.37048,1.75,1.00
2016.10.05 09:46:59.391,1.37032,1.37048,1.75,1.00
2016.10.05 09:46:59.525,1.37033,1.37048,1.75,1.00
2016.10.05 09:46:59.743,1.37033,1.3705,1.75,1.00
2016.10.05 09:46:59.824,1.37033,1.3705,1.75,1.00
2016.10.05 09:46:59.925,1.37032,1.3705,2.25,1.00
2016.10.05 09:46:59.976,1.37033,1.3705,1.75,1.00
2016.10.05 09:47:00.377,1.37034,1.3705,1.75,1.00
2016.10.05 09:47:00.428,1.37034,1.37052,2.25,1.00
2016.10.05 09:47:00.525,1.37034,1.37052,2.25,1.00
2016.10.05 09:47:00.887,1.37035,1.37052,1.75,1.00
2016.10.05 09:47:01.482,1.37034,1.37052,2.25,1.00
2016.10.05 09:47:02.500,1.37034,1.37052,2.25,1.00
2016.10.05 09:47:02.781,1.37034,1.37052,2.25,1.00
2016.10.05 09:47:02.883,1.37035,1.37053,1.75,1.00
2016.10.05 09:47:02.934,1.37035,1.37053,1.75,1.00
2016.10.05 09:47:10.933,1.37035,1.37053,1.75,1.00
2016.10.05 09:47:11.054,1.37035,1.37053,1.75,1.00
2016.10.05 09:47:15.607,1.37035,1.37053,2.25,1.00
2016.10.05 09:47:15.708,1.37035,1.37053,1.75,1.00
2016.10.05 09:47:22.885,1.37035,1.37053,2.25,1.00
2016.10.05 09:47:23.037,1.37035,1.37053,1.75,1.00
2016.10.05 09:47:26.719,1.37035,1.37053,2.25,1.00
2016.10.05 09:47:26.770,1.37035,1.37053,2.25,1.00
2016.10.05 09:47:26.821,1.37036,1.37056,1.75,1.00
2016.10.05 09:47:26.872,1.37036,1.37056,2.25,1.00
2016.10.05 09:47:26.974,1.37037,1.37056,1.50,1.00
2016.10.05 09:47:27.076,1.37036,1.37056,1.75,1.00
2016.10.05 09:47:28.599,1.37036,1.37056,1.75,1.00
2016.10.05 09:47:28.650,1.37037,1.37056,1.50,1.00
2016.10.05 09:47:28.751,1.37037,1.37056,1.75,1.00
2016.10.05 09:47:28.802,1.37037,1.37056,1.75,1.00
2016.10.05 09:47:28.958,1.37036,1.37056,3.00,1.00
2016.10.05 09:47:29.255,1.37036,1.37056,3.00,1.00
2016.10.05 09:47:29.357,1.37036,1.37056,3.00,1.00
2016.10.05 09:47:29.788,1.37037,1.37056,1.75,1.00
2016.10.05 09:47:30.286,1.37036,1.37056,3.00,1.00
2016.10.05 09:47:31.259,1.37036,1.37056,2.25,1.00
2016.10.05 09:47:31.360,1.37036,1.37056,2.25,1.00
2016.10.05 09:47:32.651,1.37036,1.37056,1.75,1.50
2016.10.05 09:47:32.752,1.37036,1.37056,1.75,1.00
2016.10.05 09:47:33.191,1.37036,1.37056,1.75,1.50
2016.10.05 09:47:33.292,1.37036,1.37056,1.75,1.50
2016.10.05 09:47:34.258,1.37036,1.37055,1.50,1.00
2016.10.05 09:47:34.654,1.37036,1.37056,1.50,1.87
2016.10.05 09:47:34.888,1.37036,1.37055,1.50,1.00
2016.10.05 09:47:36.308,1.37036,1.37056,1.50,1.12
2016.10.05 09:47:36.387,1.37036,1.37056,1.50,1.87
2016.10.05 09:47:36.634,1.37036,1.37056,1.50,1.87
2016.10.05 09:47:36.685,1.37036,1.37056,2.25,1.12
2016.10.05 09:47:36.888,1.37037,1.37056,1.12,1.12
2016.10.05 09:47:36.989,1.37039,1.37056,1.00,1.12
2016.10.05 09:47:37.039,1.37039,1.37056,1.12,1.12
2016.10.05 09:47:37.090,1.37037,1.37056,1.75,1.12
2016.10.05 09:47:38.782,1.37037,1.37056,1.75,1.12
2016.10.05 09:47:39.110,1.37036,1.37056,2.25,1.12
2016.10.05 09:47:39.315,1.37036,1.37056,2.25,1.12
2016.10.05 09:47:40.135,1.37036,1.37056,2.25,1.12
2016.10.05 09:47:40.613,1.37037,1.37056,1.75,1.12
2016.10.05 09:47:40.845,1.37036,1.37056,2.25,1.12
2016.10.05 09:47:41.122,1.37036,1.37056,2.25,1.12
2016.10.05 09:47:41.809,1.37036,1.37056,2.25,1.12
2016.10.05 09:47:42.397,1.37036,1.37056,1.75,1.12
2016.10.05 09:47:43.913,1.37036,1.37056,2.25,1.12
2016.10.05 09:47:46.888,1.37036,1.37056,2.25,1.12
2016.10.05 09:47:46.939,1.37036,1.37056,2.25,1.50
2016.10.05 09:47:47.907,1.37036,1.37056,2.25,1.50
2016.10.05 09:47:48.234,1.37036,1.37056,1.75,3.00
2016.10.05 09:47:48.285,1.37032,1.37052,1.75,1.00
2016.10.05 09:47:48.336,1.37032,1.37052,1.75,1.00
2016.10.05 09:47:48.387,1.37032,1.37052,1.50,1.12
2016.10.05 09:47:48.437,1.37032,1.37052,1.50,1.12
2016.10.05 09:47:48.640,1.37032,1.37052,1.50,1.12
2016.10.05 09:47:49.240,1.37032,1.3705,1.50,1.00
2016.10.05 09:47:49.291,1.37032,1.37047,1.50,1.00
2016.10.05 09:47:49.392,1.3703,1.37049,1.75,1.00
2016.10.05 09:47:49.443,1.3703,1.37049,1.75,1.00
2016.10.05 09:47:49.612,1.3703,1.3705,1.75,2.25
2016.10.05 09:47:49.663,1.3703,1.37048,1.75,1.00
2016.10.05 09:47:50.314,1.3703,1.37048,1.75,1.50
2016.10.05 09:47:50.364,1.3703,1.37048,1.12,2.25
2016.10.05 09:47:50.608,1.37029,1.37047,1.50,1.00
2016.10.05 09:47:52.322,1.37029,1.37047,1.50,1.00
2016.10.05 09:47:52.527,1.37029,1.37047,1.50,1.00
2016.10.05 09:47:54.225,1.37029,1.37047,1.50,1.00
2016.10.05 09:48:14.848,1.37029,1.37047,1.50,1.00
2016.10.05 09:48:16.501,1.37029,1.37047,1.50,1.00
2016.10.05 09:48:24.152,1.37029,1.37047,1.50,1.00
2016.10.05 09:48:24.254,1.37029,1.37047,1.50,1.00
2016.10.05 09:48:24.356,1.37029,1.37047,1.75,1.00
2016.10.05 09:48:24.407,1.37029,1.37047,2.25,1.00
2016.10.05 09:48:24.642,1.37029,1.37047,2.25,1.00
2016.10.05 09:48:25.151,1.37031,1.37049,1.50,1.12
2016.10.05 09:48:27.716,1.37031,1.37049,1.50,1.12
2016.10.05 09:48:27.767,1.3703,1.37048,1.75,1.00
2016.10.05 09:48:30.020,1.3703,1.37048,1.75,1.00
2016.10.05 09:48:34.409,1.3703,1.37048,1.75,1.00
2016.10.05 09:48:38.670,1.3703,1.37048,1.75,1.00
2016.10.05 09:48:41.002,1.3703,1.37048,1.75,1.00
2016.10.05 09:48:50.135,1.3703,1.37048,1.75,1.50
2016.10.05 09:48:52.542,1.3703,1.37048,1.12,2.25
2016.10.05 09:48:55.147,1.3703,1.37048,1.12,1.50
2016.10.05 09:49:01.276,1.3703,1.37048,1.50,1.12
2016.10.05 09:49:28.006,1.37029,1.3705,1.75,1.75
2016.10.05 09:49:29.686,1.3703,1.37048,1.50,1.12
2016.10.05 09:49:32.991,1.3703,1.37047,1.50,1.00
2016.10.05 09:49:33.492,1.37029,1.37047,1.50,1.87
2016.10.05 09:49:33.708,1.37029,1.37047,1.50,1.12
2016.10.05 09:49:34.137,1.37029,1.37047,1.50,1.87
2016.10.05 09:49:34.940,1.37029,1.37047,1.50,1.87
2016.10.05 09:49:34.990,1.37029,1.37047,1.50,1.12
2016.10.05 09:49:35.041,1.37032,1.37049,1.12,1.00
2016.10.05 09:49:35.143,1.37032,1.37049,1.50,1.00
2016.10.05 09:49:35.194,1.37033,1.37049,1.12,1.00
2016.10.05 09:49:35.244,1.37033,1.37049,1.12,1.00
2016.10.05 09:49:35.295,1.37032,1.37049,1.50,1.00
2016.10.05 09:49:35.549,1.37032,1.37049,1.50,1.00
2016.10.05 09:49:36.005,1.37032,1.37051,1.50,1.00
2016.10.05 09:49:36.242,1.37032,1.37051,1.75,1.00
2016.10.05 09:49:36.343,1.37031,1.37051,2.25,1.00
2016.10.05 09:49:37.037,1.37032,1.37052,1.75,1.87
2016.10.05 09:49:37.174,1.37032,1.37052,2.25,1.87
2016.10.05 09:49:37.366,1.37032,1.37052,1.75,1.87
2016.10.05 09:49:37.417,1.37034,1.37052,1.50,1.87
2016.10.05 09:49:37.468,1.37034,1.37052,1.50,1.00
2016.10.05 09:49:38.146,1.37034,1.37053,1.50,1.50
2016.10.05 09:49:38.248,1.37034,1.37053,1.50,1.50
2016.10.05 09:49:38.299,1.37035,1.37053,1.12,1.50
2016.10.05 09:49:38.401,1.37036,1.37054,1.00,1.75
2016.10.05 09:49:38.533,1.37034,1.37054,2.25,1.75
2016.10.05 09:49:38.585,1.37034,1.37054,2.25,1.12
2016.10.05 09:49:38.635,1.37034,1.37054,2.25,1.12
2016.10.05 09:49:38.737,1.37034,1.37054,1.75,1.87
2016.10.05 09:49:39.155,1.37034,1.37054,1.75,1.87
2016.10.05 09:49:39.339,1.37034,1.37053,1.12,1.12
2016.10.05 09:49:39.391,1.37034,1.37053,1.12,1.87
2016.10.05 09:49:39.442,1.37034,1.37053,1.00,2.25
2016.10.05 09:49:39.548,1.37032,1.3705,1.50,1.12
2016.10.05 09:49:39.650,1.3703,1.37048,1.75,1.00
2016.10.05 09:49:39.701,1.3703,1.37048,1.75,1.50
2016.10.05 09:49:39.752,1.3703,1.37048,1.50,1.87
2016.10.05 09:49:40.315,1.3703,1.37048,1.50,1.12
2016.10.05 09:49:41.751,1.3703,1.37048,1.50,1.87
2016.10.05 09:49:42.706,1.3703,1.37048,1.12,1.50
2016.10.05 09:49:42.942,1.37028,1.37048,1.75,1.50
2016.10.05 09:49:43.543,1.37031,1.37049,1.00,1.75
2016.10.05 09:49:43.594,1.37031,1.37049,1.00,1.75
2016.10.05 09:49:43.644,1.37031,1.37049,1.00,1.75
2016.10.05 09:49:43.695,1.37031,1.37049,1.50,1.12
2016.10.05 09:49:43.746,1.37031,1.37049,2.25,1.12
2016.10.05 09:49:43.847,1.37032,1.37049,1.12,1.12
2016.10.05 09:49:43.949,1.37032,1.37049,1.12,1.00
2016.10.05 09:49:44.319,1.37031,1.37049,1.50,1.00
2016.10.05 09:49:44.448,1.37031,1.37049,1.50,1.00
2016.10.05 09:49:45.510,1.37031,1.37049,2.25,1.00
2016.10.05 09:49:46.622,1.37032,1.37049,1.12,1.00
2016.10.05 09:49:46.724,1.37031,1.37049,1.50,1.00
2016.10.05 09:49:48.167,1.37033,1.37051,1.00,1.12
2016.10.05 09:49:50.815,1.37033,1.37051,1.12,1.00
2016.10.05 09:49:51.661,1.37033,1.37051,1.87,1.00
2016.10.05 09:49:51.763,1.37034,1.37051,1.00,1.00
2016.10.05 09:49:52.070,1.37033,1.37051,1.87,1.00
2016.10.05 09:49:52.349,1.37034,1.37051,1.00,1.00
2016.10.05 09:49:52.400,1.37034,1.37051,1.50,1.00
2016.10.05 09:49:52.451,1.37033,1.37051,2.25,1.00
2016.10.05 09:49:52.552,1.37035,1.37053,1.12,1.00
2016.10.05 09:49:52.603,1.37035,1.37053,1.12,1.00
2016.10.05 09:49:52.856,1.37035,1.37053,1.75,1.00
2016.10.05 09:49:52.933,1.37036,1.37053,1.50,1.00
2016.10.05 09:49:53.142,1.37037,1.37053,1.12,1.00
2016.10.05 09:49:53.193,1.37037,1.37053,1.75,1.00
2016.10.05 09:49:53.295,1.37037,1.37055,2.25,1.00
2016.10.05 09:49:53.346,1.37038,1.37055,1.50,1.00
2016.10.05 09:49:53.546,1.37037,1.37055,2.25,1.00
2016.10.05 09:49:54.086,1.37037,1.37055,2.25,1.00
2016.10.05 09:49:54.309,1.37038,1.37055,1.50,1.00
2016.10.05 09:49:55.056,1.37037,1.37055,1.75,1.00
2016.10.05 09:49:56.483,1.37034,1.37054,1.50,1.12
2016.10.05 09:49:56.541,1.37034,1.37054,1.50,1.87
2016.10.05 09:49:57.128,1.37034,1.37053,1.50,1.00
2016.10.05 09:49:57.179,1.37032,1.37052,1.75,1.50
2016.10.05 09:49:57.709,1.37032,1.37052,1.75,1.50
2016.10.05 09:49:58.330,1.37032,1.37052,1.12,1.50
2016.10.05 09:49:58.583,1.37032,1.37052,1.12,2.25
2016.10.05 09:49:59.070,1.37032,1.37052,1.12,2.25
2016.10.05 09:49:59.485,1.37032,1.37051,1.12,1.12
2016.10.05 09:50:01.398,1.37032,1.3705,1.12,1.00
2016.10.05 09:50:03.147,1.37032,1.3705,1.12,1.00
2016.10.05 09:50:03.198,1.3703,1.3705,1.50,1.87
2016.10.05 09:50:03.248,1.3703,1.3705,1.50,2.62
2016.10.05 09:50:03.797,1.3703,1.37049,1.50,1.00
2016.10.05 09:50:04.067,1.3703,1.37049,1.75,1.00
2016.10.05 09:50:04.448,1.3703,1.37049,1.75,1.00
2016.10.05 09:50:04.550,1.3703,1.37049,1.75,1.00
2016.10.05 09:50:04.759,1.3703,1.37049,2.25,1.00
2016.10.05 09:50:07.998,1.3703,1.37048,1.75,1.00
2016.10.05 09:50:08.201,1.3703,1.37048,1.75,1.50
2016.10.05 09:50:08.302,1.3703,1.37047,1.75,1.00
2016.10.05 09:50:08.465,1.3703,1.37048,1.75,1.50
2016.10.05 09:50:09.053,1.3703,1.37047,1.75,1.00
2016.10.05 09:50:09.208,1.3703,1.37047,1.75,1.50
2016.10.05 09:50:09.360,1.3703,1.37047,1.75,1.00
2016.10.05 09:50:10.240,1.3703,1.37047,1.12,1.00
2016.10.05 09:50:10.290,1.3703,1.37047,1.12,1.50
2016.10.05 09:50:10.539,1.3703,1.37047,1.12,1.00
2016.10.05 09:50:10.641,1.37029,1.37047,1.50,1.50
2016.10.05 09:50:11.371,1.37029,1.37047,1.50,1.50
2016.10.05 09:50:11.672,1.37029,1.37047,1.50,1.87
2016.10.05 09:50:12.790,1.37029,1.37047,1.50,2.62
2016.10.05 09:50:13.065,1.37028,1.37046,1.75,1.00
2016.10.05 09:50:15.569,1.37028,1.37046,1.75,1.50
2016.10.05 09:50:15.620,1.37028,1.37046,1.12,1.50
2016.10.05 09:50:16.498,1.37028,1.37045,1.12,1.00
2016.10.05 09:50:16.549,1.37027,1.37045,1.50,1.50
2016.10.05 09:50:16.600,1.37027,1.37045,1.12,1.50
2016.10.05 09:50:16.954,1.37027,1.37045,1.12,1.50
2016.10.05 09:50:18.215,1.37026,1.37044,1.50,1.00
2016.10.05 09:50:19.284,1.37026,1.37044,1.50,1.00
2016.10.05 09:50:19.385,1.37026,1.37044,1.50,1.00
2016.10.05 09:50:28.066,1.37027,1.37045,1.12,2.25
2016.10.05 09:50:31.600,1.37027,1.37045,1.12,1.50
2016.10.05 09:50:39.527,1.37027,1.37045,1.12,2.25
2016.10.05 09:50:45.157,1.37027,1.37045,1.12,1.50
2016.10.05 09:50:51.719,1.37027,1.37045,1.00,3.00
2016.10.05 09:50:51.775,1.37027,1.3704,1.00,1.00
2016.10.05 09:50:51.825,1.37022,1.3704,1.75,1.50
2016.10.05 09:50:53.123,1.37022,1.3704,1.75,1.50
2016.10.05 09:50:53.723,1.37022,1.3704,1.75,1.00
2016.10.05 09:50:55.876,1.37022,1.3704,1.75,1.00
2016.10.05 09:50:56.185,1.37022,1.3704,1.87,1.00
2016.10.05 09:50:56.236,1.37022,1.3704,1.87,1.00
2016.10.05 09:50:58.083,1.37022,1.3704,1.87,1.00
2016.10.05 09:50:58.135,1.37024,1.37042,1.12,1.50
2016.10.05 09:50:58.540,1.37024,1.37042,1.75,1.50
2016.10.05 09:50:58.591,1.37026,1.37044,1.75,1.50
2016.10.05 09:50:58.641,1.37026,1.37044,2.25,1.50
2016.10.05 09:50:58.692,1.37026,1.37044,2.25,1.50
2016.10.05 09:50:58.844,1.37027,1.37044,1.75,1.50
2016.10.05 09:50:58.895,1.37027,1.37044,1.75,1.00
2016.10.05 09:50:59.097,1.37027,1.37044,1.75,1.00
2016.10.05 09:51:00.396,1.37026,1.37044,2.62,1.00
2016.10.05 09:51:00.567,1.37027,1.37044,1.75,1.00
2016.10.05 09:51:00.636,1.37026,1.37044,2.62,1.00
2016.10.05 09:51:00.926,1.37029,1.37044,1.75,1.00
2016.10.05 09:51:01.027,1.37032,1.37045,1.12,1.00
2016.10.05 09:51:01.078,1.37032,1.3705,1.75,1.12
2016.10.05 09:51:01.129,1.37032,1.3705,1.75,1.00
2016.10.05 09:51:01.180,1.37034,1.3705,1.75,1.00
2016.10.05 09:51:01.231,1.37034,1.3705,1.75,1.00
2016.10.05 09:51:02.275,1.37035,1.3705,1.75,1.00
2016.10.05 09:51:02.326,1.37035,1.37053,1.75,1.50
2016.10.05 09:51:02.478,1.37035,1.37053,1.75,1.00
2016.10.05 09:51:02.579,1.37033,1.37053,1.87,1.00
2016.10.05 09:51:02.630,1.37033,1.37052,1.87,1.00
2016.10.05 09:51:02.680,1.37033,1.37052,1.87,1.50
2016.10.05 09:51:02.884,1.37033,1.3705,1.12,1.00
2016.10.05 09:51:03.798,1.37033,1.37052,1.12,3.00
2016.10.05 09:51:04.264,1.37033,1.37052,1.12,2.25
2016.10.05 09:51:04.315,1.37033,1.37052,1.12,2.25
2016.10.05 09:51:04.366,1.37033,1.37052,1.12,1.50
2016.10.05 09:51:04.416,1.37033,1.37052,1.12,1.50
2016.10.05 09:51:04.467,1.37032,1.37052,2.62,1.50
2016.10.05 09:51:04.569,1.37032,1.37052,2.25,1.50
2016.10.05 09:51:04.619,1.37032,1.37052,2.25,1.50
2016.10.05 09:51:05.044,1.37032,1.37052,1.75,1.50
2016.10.05 09:51:05.095,1.37032,1.37051,1.75,1.00
2016.10.05 09:51:05.146,1.37032,1.37051,1.75,1.00
2016.10.05 09:51:05.308,1.37032,1.37051,1.87,1.00
2016.10.05 09:51:05.463,1.37032,1.37051,1.75,1.00
2016.10.05 09:51:05.515,1.37032,1.37051,1.75,1.00
2016.10.05 09:51:06.243,1.37032,1.37051,1.75,1.00
2016.10.05 09:51:06.346,1.37032,1.37051,1.75,1.50
2016.10.05 09:51:07.047,1.37032,1.37051,1.75,1.00
2016.10.05 09:51:07.148,1.37032,1.37051,1.75,1.50
2016.10.05 09:51:08.519,1.37032,1.3705,1.75,1.00
2016.10.05 09:51:10.119,1.37031,1.37049,1.87,1.00
2016.10.05 09:51:10.220,1.37031,1.37049,1.75,1.00
2016.10.05 09:51:10.734,1.37031,1.37048,1.75,1.00
2016.10.05 09:51:12.273,1.37031,1.37048,1.50,1.00
2016.10.05 09:51:12.324,1.37029,1.37048,1.75,1.00
2016.10.05 09:51:12.375,1.37029,1.37048,1.75,1.50
2016.10.05 09:51:13.066,1.37029,1.37048,1.75,1.50
2016.10.05 09:51:13.587,1.37029,1.37046,1.75,1.00
2016.10.05 09:51:15.763,1.37027,1.37046,1.87,1.00
2016.10.05 09:51:15.814,1.37027,1.37046,1.75,1.00
2016.10.05 09:51:16.048,1.37027,1.37046,1.75,1.00
2016.10.05 09:51:16.808,1.37027,1.37045,1.75,1.00
2016.10.05 09:51:17.337,1.37027,1.37044,1.75,1.00
2016.10.05 09:51:22.063,1.37025,1.37044,1.87,1.00
2016.10.05 09:51:22.172,1.37025,1.37044,1.87,1.00
2016.10.05 09:51:22.223,1.37025,1.37045,1.87,2.25
2016.10.05 09:51:22.273,1.37025,1.37045,1.87,2.25
2016.10.05 09:51:22.610,1.37025,1.37045,1.87,1.50
2016.10.05 09:51:23.039,1.37025,1.37045,1.75,1.50
2016.10.05 09:51:27.023,1.37025,1.37045,1.87,1.50
2016.10.05 09:51:28.295,1.37025,1.37045,1.87,1.50
2016.10.05 09:51:28.346,1.37025,1.37045,2.62,1.50
2016.10.05 09:51:28.617,1.37025,1.37045,2.25,1.50
2016.10.05 09:51:29.197,1.37025,1.37045,2.25,1.00
2016.10.05 09:51:30.320,1.37025,1.37045,1.75,1.00
2016.10.05 09:51:30.370,1.37025,1.37045,1.87,1.00
2016.10.05 09:51:30.421,1.37025,1.37045,1.87,1.50
2016.10.05 09:51:30.472,1.37025,1.37045,1.87,1.50
2016.10.05 09:51:33.538,1.37025,1.37045,1.75,1.50
2016.10.05 09:51:33.589,1.37025,1.37045,1.75,1.50
2016.10.05 09:51:33.640,1.37025,1.37045,1.00,2.25
2016.10.05 09:51:35.156,1.37025,1.37044,1.00,1.75
2016.10.05 09:51:35.207,1.37025,1.37044,1.00,1.75
2016.10.05 09:51:35.886,1.37025,1.37044,1.00,1.75
2016.10.05 09:51:36.210,1.37025,1.37044,1.00,2.25
2016.10.05 09:51:36.327,1.37025,1.37044,1.00,1.75
2016.10.05 09:51:36.387,1.37025,1.37044,1.00,1.75
2016.10.05 09:51:37.388,1.37025,1.37044,1.00,1.75
2016.10.05 09:51:37.691,1.37025,1.37044,1.00,1.75
2016.10.05 09:51:38.648,1.37025,1.37045,1.00,2.25
2016.10.05 09:51:40.317,1.37025,1.37045,1.00,1.75
2016.10.05 09:51:40.368,1.37025,1.37045,1.00,1.75
2016.10.05 09:51:40.419,1.37025,1.37045,1.00,2.25
2016.10.05 09:51:46.516,1.37025,1.37045,1.00,2.25
2016.10.05 09:51:46.566,1.37025,1.37045,1.00,3.00
2016.10.05 09:51:48.726,1.37025,1.37045,1.00,3.00
2016.10.05 09:51:48.917,1.37025,1.37044,1.00,1.75
2016.10.05 09:51:51.539,1.37025,1.37044,1.00,1.75
2016.10.05 09:51:53.142,1.37025,1.37044,1.00,1.75
2016.10.05 09:51:56.458,1.37025,1.37045,1.50,2.25
2016.10.05 09:51:56.655,1.37025,1.37045,1.50,1.75
2016.10.05 09:51:56.706,1.37026,1.37045,1.00,1.75
2016.10.05 09:51:57.494,1.37026,1.37045,1.00,1.75
2016.10.05 09:51:57.545,1.37026,1.37045,1.00,1.75
2016.10.05 09:51:57.596,1.37025,1.37045,2.25,1.75
2016.10.05 09:51:58.368,1.37025,1.37045,2.25,1.75
2016.10.05 09:51:58.672,1.37025,1.37045,2.62,1.75
2016.10.05 09:52:00.751,1.37025,1.37045,2.62,1.75
2016.10.05 09:52:02.412,1.37026,1.37045,1.00,1.75
2016.10.05 09:52:02.569,1.37029,1.37047,1.12,1.00
2016.10.05 09:52:02.772,1.37029,1.37047,1.12,1.00
2016.10.05 09:52:03.072,1.37029,1.37047,1.12,1.00
2016.10.05 09:52:03.422,1.37029,1.37049,1.12,1.50
2016.10.05 09:52:05.035,1.37029,1.37048,1.12,1.00
2016.10.05 09:52:05.446,1.37027,1.37046,2.62,1.00
2016.10.05 09:52:05.497,1.37027,1.37044,1.12,1.00
2016.10.05 09:52:05.548,1.37027,1.3704,1.12,1.00
2016.10.05 09:52:05.599,1.37026,1.37039,1.00,1.00
2016.10.05 09:52:05.700,1.3702,1.37038,1.00,1.50
2016.10.05 09:52:05.828,1.3702,1.37038,1.50,1.00
2016.10.05 09:52:05.879,1.37021,1.3704,1.75,2.62
2016.10.05 09:52:05.980,1.37021,1.3704,1.50,2.25
2016.10.05 09:52:06.082,1.37021,1.3704,1.50,1.50
2016.10.05 09:52:06.386,1.3702,1.3704,2.25,1.50
2016.10.05 09:52:06.735,1.3702,1.3704,2.25,1.50
2016.10.05 09:52:06.785,1.3702,1.3704,2.25,1.50
2016.10.05 09:52:06.887,1.3702,1.3704,2.25,1.50
2016.10.05 09:52:07.090,1.3702,1.3704,1.75,1.50
2016.10.05 09:52:08.576,1.3702,1.3704,2.25,1.50
2016.10.05 09:52:08.724,1.3702,1.3704,2.25,1.00
2016.10.05 09:52:08.775,1.3702,1.3704,2.25,1.00
2016.10.05 09:52:10.383,1.3702,1.3704,2.25,1.00
2016.10.05 09:52:11.094,1.3702,1.3704,2.25,1.00
2016.10.05 09:52:11.560,1.3702,1.3704,2.25,1.00
2016.10.05 09:52:11.611,1.37021,1.3704,1.75,1.00
2016.10.05 09:52:11.661,1.37021,1.3704,1.75,1.00
2016.10.05 09:52:12.514,1.37021,1.3704,1.75,1.00
2016.10.05 09:52:13.120,1.37022,1.3704,1.75,1.00
2016.10.05 09:52:13.321,1.37022,1.3704,2.25,1.00
2016.10.05 09:52:13.603,1.37025,1.3704,1.00,1.00
2016.10.05 09:52:13.654,1.37025,1.37042,1.12,1.50
2016.10.05 09:52:13.705,1.37024,1.37042,1.50,1.50
2016.10.05 09:52:13.919,1.37024,1.37042,1.75,1.50
2016.10.05 09:52:13.970,1.37024,1.37042,1.75,1.00
2016.10.05 09:52:14.894,1.37024,1.37042,1.75,1.00
2016.10.05 09:52:14.995,1.37024,1.37042,1.75,1.00
2016.10.05 09:52:15.096,1.37025,1.37042,1.12,1.00
2016.10.05 09:52:15.477,1.37025,1.37042,1.12,1.00
2016.10.05 09:52:15.592,1.37025,1.37042,1.12,1.50
2016.10.05 09:52:15.643,1.37024,1.37042,1.50,1.50
2016.10.05 09:52:15.693,1.37024,1.37042,1.50,1.50
2016.10.05 09:52:15.985,1.37024,1.37042,1.00,1.50
2016.10.05 09:52:16.036,1.37022,1.37042,1.87,1.50
2016.10.05 09:52:16.176,1.3702,1.3704,2.25,1.50
2016.10.05 09:52:16.229,1.37023,1.3704,1.50,1.00
2016.10.05 09:52:16.280,1.37023,1.3704,1.75,1.00
2016.10.05 09:52:16.381,1.37023,1.3704,1.75,1.00
2016.10.05 09:52:17.598,1.37023,1.37041,2.25,1.00
2016.10.05 09:52:17.648,1.37023,1.37041,1.75,1.00
2016.10.05 09:52:17.934,1.37025,1.37041,1.50,1.00
2016.10.05 09:52:18.591,1.37025,1.37042,1.50,1.00
2016.10.05 09:52:19.048,1.37025,1.37042,1.75,1.00
2016.10.05 09:52:19.647,1.37024,1.37042,2.25,1.00
2016.10.05 09:52:19.698,1.37024,1.37042,3.00,1.00
2016.10.05 09:52:22.977,1.37024,1.37042,2.25,1.00
2016.10.05 09:52:23.079,1.37024,1.37044,2.25,1.00
2016.10.05 09:52:23.130,1.37024,1.37044,2.25,1.00
2016.10.05 09:52:24.182,1.37024,1.37044,2.25,1.00
2016.10.05 09:52:24.643,1.37024,1.37044,2.25,1.00
2016.10.05 09:52:25.618,1.37025,1.37044,2.25,1.00
2016.10.05 09:52:25.724,1.37025,1.37044,1.75,1.00
2016.10.05 09:52:25.927,1.37025,1.37044,1.75,1.00
2016.10.05 09:52:26.741,1.37025,1.37044,1.75,1.00
2016.10.05 09:52:28.616,1.37025,1.37044,1.75,1.00
2016.10.05 09:52:28.717,1.37025,1.37044,1.75,1.00
2016.10.05 09:52:28.861,1.37025,1.37044,2.25,1.00
2016.10.05 09:52:28.912,1.37025,1.37044,1.75,1.00
2016.10.05 09:52:28.963,1.37024,1.37044,3.00,1.00
2016.10.05 09:52:29.027,1.37024,1.37044,3.00,1.00
2016.10.05 09:52:29.078,1.37024,1.37044,2.25,1.00
2016.10.05 09:52:29.184,1.37024,1.37044,1.75,1.00
2016.10.05 09:52:29.234,1.37024,1.37044,1.75,1.00
2016.10.05 09:52:29.285,1.37022,1.37042,2.62,1.50
2016.10.05 09:52:29.336,1.37022,1.37042,1.75,1.50
2016.10.05 09:52:29.461,1.37022,1.37042,1.75,2.25
2016.10.05 09:52:29.512,1.37022,1.3704,1.12,1.00
2016.10.05 09:52:29.563,1.37022,1.3704,1.12,1.50
2016.10.05 09:52:29.614,1.37019,1.37039,1.75,1.00
2016.10.05 09:52:29.665,1.37019,1.37039,2.25,1.00
2016.10.05 09:52:30.651,1.37019,1.37039,2.25,1.50
2016.10.05 09:52:30.702,1.37019,1.37038,2.25,1.00
2016.10.05 09:52:31.787,1.37019,1.37038,2.25,1.00
2016.10.05 09:52:32.846,1.37019,1.37038,1.75,1.00
2016.10.05 09:52:32.897,1.37019,1.37038,1.75,1.50
2016.10.05 09:52:33.236,1.37019,1.37038,1.75,1.00
2016.10.05 09:52:33.599,1.37019,1.37038,1.75,1.00
2016.10.05 09:52:33.650,1.3702,1.37038,1.75,1.00
2016.10.05 09:52:36.779,1.3702,1.37037,1.75,1.00
2016.10.05 09:52:38.180,1.3702,1.37039,1.75,1.50
2016.10.05 09:52:38.725,1.3702,1.37039,1.75,1.50
2016.10.05 09:52:39.404,1.3702,1.37037,1.75,1.00
2016.10.05 09:52:40.316,1.3702,1.37037,1.75,1.00
2016.10.05 09:52:40.582,1.3702,1.37037,1.12,1.00
2016.10.05 09:52:40.734,1.37019,1.37037,1.50,1.87
2016.10.05 09:52:46.791,1.37019,1.37036,1.50,1.00
2016.10.05 09:52:48.543,1.37019,1.37036,1.75,1.00
2016.10.05 09:52:49.254,1.37019,1.37037,1.75,1.00
2016.10.05 09:52:49.356,1.37019,1.37037,1.75,1.00
2016.10.05 09:52:51.498,1.37019,1.37036,1.75,1.00
2016.10.05 09:52:56.415,1.37019,1.37037,1.75,1.50
2016.10.05 09:52:56.466,1.37019,1.37037,1.50,1.50
2016.10.05 09:53:00.035,1.37019,1.37037,1.50,1.00
2016.10.05 09:53:00.425,1.37019,1.37037,2.25,1.00
2016.10.05 09:53:00.476,1.37019,1.37037,2.25,1.00
2016.10.05 09:53:00.701,1.37019,1.37037,1.50,1.00
2016.10.05 09:53:00.752,1.37019,1.37037,1.50,1.00
2016.10.05 09:53:01.221,1.37019,1.37037,1.50,1.50
2016.10.05 09:53:05.528,1.37019,1.37037,1.50,1.00
2016.10.05 09:53:05.579,1.37019,1.37037,1.50,1.00
2016.10.05 09:53:06.905,1.37019,1.37037,1.50,1.00
2016.10.05 09:53:07.475,1.37019,1.37036,1.50,1.00
2016.10.05 09:53:08.029,1.37019,1.37036,1.50,1.50
2016.10.05 09:53:08.230,1.37019,1.37036,1.12,1.50
2016.10.05 09:53:10.854,1.37019,1.37036,1.12,1.00
2016.10.05 09:53:13.354,1.37017,1.37036,1.75,1.00
2016.10.05 09:53:14.372,1.37017,1.37036,1.75,1.00
2016.10.05 09:53:14.423,1.37017,1.37036,2.25,1.00
2016.10.05 09:53:14.524,1.37019,1.37036,2.25,1.00
2016.10.05 09:53:14.575,1.37019,1.37036,2.25,1.00
2016.10.05 09:53:14.626,1.37023,1.37036,1.00,1.00
2016.10.05 09:53:14.676,1.37023,1.37039,1.00,1.00
2016.10.05 09:53:14.727,1.37022,1.37039,1.75,1.00
2016.10.05 09:53:14.916,1.37022,1.37042,1.75,1.00
2016.10.05 09:53:15.816,1.37022,1.37042,2.25,1.00
2016.10.05 09:53:15.968,1.37022,1.37042,2.25,1.00
2016.10.05 09:53:16.841,1.37023,1.37042,1.75,1.00
2016.10.05 09:53:17.769,1.37023,1.37042,1.75,1.00
2016.10.05 09:53:17.823,1.37024,1.37042,1.75,1.00
2016.10.05 09:53:17.874,1.37025,1.37045,1.75,1.50
2016.10.05 09:53:17.924,1.37025,1.37045,1.75,1.50
2016.10.05 09:53:18.285,1.37025,1.37045,1.75,1.00
2016.10.05 09:53:18.406,1.37025,1.37045,1.75,1.00
2016.10.05 09:53:18.661,1.37025,1.37045,1.75,1.50
2016.10.05 09:53:18.850,1.37025,1.37045,1.75,1.50
2016.10.05 09:53:20.772,1.37025,1.37045,1.75,1.00
2016.10.05 09:53:20.823,1.37025,1.37045,2.25,1.00
2016.10.05 09:53:20.875,1.37027,1.37046,1.75,1.12
2016.10.05 09:53:20.926,1.37027,1.37046,1.75,1.00
2016.10.05 09:53:20.976,1.37027,1.37046,2.25,1.00
2016.10.05 09:53:21.078,1.37027,1.37047,2.25,1.50
2016.10.05 09:53:22.146,1.37027,1.37047,1.75,2.25
2016.10.05 09:53:22.247,1.37027,1.37046,1.75,1.00
2016.10.05 09:53:22.349,1.37025,1.37045,1.75,1.50
2016.10.05 09:53:22.553,1.37025,1.37044,1.75,1.00
2016.10.05 09:53:23.418,1.37025,1.37044,1.75,1.00
2016.10.05 09:53:23.469,1.37025,1.37044,1.75,1.00
2016.10.05 09:53:23.819,1.37025,1.37044,1.75,1.00
2016.10.05 09:53:23.921,1.37025,1.37044,1.75,1.00
2016.10.05 09:53:24.507,1.37025,1.37044,1.75,1.00
2016.10.05 09:53:24.558,1.37025,1.37044,1.50,1.00
2016.10.05 09:53:24.620,1.37025,1.37044,1.50,1.50
2016.10.05 09:53:24.671,1.37024,1.37042,1.75,1.00
2016.10.05 09:53:24.924,1.37024,1.37042,1.75,1.00
2016.10.05 09:53:25.124,1.37024,1.37042,1.75,1.00
2016.10.05 09:53:25.544,1.37024,1.37042,1.75,1.00
2016.10.05 09:53:26.775,1.37024,1.37042,1.75,1.00
2016.10.05 09:53:29.169,1.37024,1.37042,1.12,1.87
2016.10.05 09:53:29.321,1.37019,1.37039,2.25,1.00
2016.10.05 09:53:29.371,1.37019,1.37038,1.75,1.12
2016.10.05 09:53:29.473,1.37019,1.37037,1.75,1.00
2016.10.05 09:53:30.158,1.37019,1.37037,1.00,1.75
2016.10.05 09:53:30.260,1.37019,1.37037,1.00,2.25
2016.10.05 09:53:30.655,1.37019,1.37037,1.00,1.75
2016.10.05 09:53:32.084,1.37019,1.37038,1.00,2.25
2016.10.05 09:53:32.186,1.37019,1.37038,1.00,1.75
2016.10.05 09:53:32.287,1.37019,1.37038,1.00,1.75
2016.10.05 09:53:33.301,1.37019,1.37038,1.50,1.75
2016.10.05 09:53:33.696,1.37019,1.37038,1.50,1.75
2016.10.05 09:53:34.549,1.37019,1.37039,1.50,2.62
2016.10.05 09:53:35.456,1.37019,1.37039,1.50,2.62
2016.10.05 09:53:35.774,1.37019,1.37039,1.00,3.37
2016.10.05 09:53:35.875,1.37019,1.37039,1.00,2.62
2016.10.05 09:53:36.598,1.37019,1.37039,1.00,2.25
2016.10.05 09:53:36.878,1.37019,1.37038,1.00,2.25
2016.10.05 09:53:37.387,1.37019,1.37038,1.00,1.75
2016.10.05 09:53:37.488,1.37019,1.37038,1.00,1.75
2016.10.05 09:53:37.690,1.37019,1.37038,1.00,1.75
2016.10.05 09:53:37.842,1.37019,1.37038,1.50,1.00
2016.10.05 09:53:37.893,1.37019,1.37038,1.50,1.50
2016.10.05 09:53:37.943,1.37019,1.37038,1.50,2.25
2016.10.05 09:53:37.994,1.37019,1.37038,1.50,2.25
2016.10.05 09:53:38.045,1.37019,1.37037,1.50,1.12
2016.10.05 09:53:39.244,1.37019,1.37037,1.50,1.87
2016.10.05 09:53:40.534,1.37016,1.37036,2.25,1.00
2016.10.05 09:53:45.121,1.37022,1.37037,1.00,1.12
2016.10.05 09:53:45.223,1.37021,1.37037,1.50,1.00
2016.10.05 09:53:45.324,1.37021,1.37037,1.75,1.00
2016.10.05 09:53:45.426,1.37021,1.37039,1.75,1.00
2016.10.05 09:53:45.477,1.37021,1.37039,1.75,1.00
2016.10.05 09:53:46.478,1.37021,1.37039,1.75,1.00
2016.10.05 09:53:46.529,1.37021,1.37039,2.25,1.00
2016.10.05 09:53:47.179,1.37021,1.37039,1.75,1.00
2016.10.05 09:53:47.280,1.37021,1.37039,2.25,1.00
2016.10.05 09:53:48.602,1.37021,1.37041,2.25,1.50
2016.10.05 09:53:48.683,1.37021,1.37041,2.25,1.50
2016.10.05 09:53:54.830,1.37021,1.37041,2.25,1.00
2016.10.05 09:53:54.932,1.37021,1.37041,2.25,1.00
2016.10.05 09:53:55.033,1.37021,1.37041,1.75,1.00
2016.10.05 09:53:55.437,1.37021,1.37041,1.75,1.00
2016.10.05 09:53:55.538,1.37021,1.37041,2.25,1.00
2016.10.05 09:53:55.825,1.37021,1.37041,2.25,1.00
2016.10.05 09:53:56.030,1.37021,1.37041,1.75,1.00
2016.10.05 09:53:56.287,1.37021,1.37041,1.75,1.00
2016.10.05 09:53:57.954,1.37021,1.37041,1.75,1.00
2016.10.05 09:53:58.117,1.37021,1.37041,1.75,1.00
2016.10.05 09:53:58.218,1.37021,1.37041,1.75,1.50
2016.10.05 09:53:58.320,1.37021,1.37041,1.75,2.25
2016.10.05 09:53:58.422,1.37021,1.3704,1.12,1.00
2016.10.05 09:53:58.829,1.37021,1.37039,1.12,1.00
2016.10.05 09:53:59.636,1.37021,1.37039,1.12,1.00
2016.10.05 09:54:02.269,1.3702,1.37038,1.50,1.00
2016.10.05 09:54:03.623,1.3702,1.37039,1.50,1.00
2016.10.05 09:54:10.439,1.3702,1.37039,1.50,1.00
2016.10.05 09:54:10.622,1.37018,1.37036,1.75,1.00
2016.10.05 09:54:21.465,1.37018,1.37036,1.75,1.50
2016.10.05 09:54:24.506,1.37018,1.37036,1.75,1.00
2016.10.05 09:54:27.361,1.37018,1.37036,2.25,1.00
2016.10.05 09:54:27.411,1.37018,1.37036,2.25,1.00
2016.10.05 09:54:27.613,1.37018,1.37036,1.75,2.25
2016.10.05 09:54:27.816,1.37018,1.37036,1.75,3.00
2016.10.05 09:54:27.867,1.37015,1.37035,1.75,1.50
2016.10.05 09:54:27.918,1.37015,1.37034,1.75,1.00
2016.10.05 09:54:27.969,1.37013,1.37033,1.75,1.00
2016.10.05 09:54:28.020,1.37013,1.37033,1.75,1.00
2016.10.05 09:54:28.235,1.37013,1.37031,1.75,1.00
2016.10.05 09:54:28.502,1.37013,1.37031,1.75,1.00
2016.10.05 09:54:28.862,1.37012,1.37031,2.25,1.00
2016.10.05 09:54:29.149,1.37012,1.37031,1.75,1.00
2016.10.05 09:54:29.250,1.37012,1.37031,2.25,1.00
2016.10.05 09:54:29.693,1.37012,1.37031,2.25,1.00
2016.10.05 09:54:29.924,1.37012,1.37031,2.25,1.00
2016.10.05 09:54:30.486,1.37012,1.37031,1.75,1.00
2016.10.05 09:54:30.596,1.37012,1.37031,2.25,1.00
2016.10.05 09:54:31.205,1.37012,1.37031,1.75,1.00
2016.10.05 09:54:31.377,1.37012,1.37031,2.25,1.00
2016.10.05 09:54:31.591,1.37013,1.37031,1.75,1.00
2016.10.05 09:54:31.803,1.37013,1.37032,1.75,1.00
2016.10.05 09:54:31.923,1.37014,1.37032,1.75,1.00
2016.10.05 09:54:32.025,1.37013,1.37032,1.75,1.00
2016.10.05 09:54:32.594,1.37012,1.37032,2.62,1.00
2016.10.05 09:54:34.042,1.37012,1.37031,2.62,1.00
2016.10.05 09:54:34.459,1.37013,1.37031,1.75,1.00
2016.10.05 09:54:34.561,1.37012,1.37031,1.87,1.00
2016.10.05 09:54:34.611,1.37012,1.37031,1.87,1.00
2016.10.05 09:54:34.662,1.37013,1.37031,1.75,1.00
2016.10.05 09:54:34.949,1.37014,1.37033,1.75,1.00
2016.10.05 09:54:35.104,1.37014,1.37033,1.75,1.00
2016.10.05 09:54:35.258,1.37015,1.37033,1.75,1.00
2016.10.05 09:54:35.309,1.37015,1.37033,1.75,1.00
2016.10.05 09:54:35.799,1.37017,1.37033,1.75,1.00
2016.10.05 09:54:35.850,1.37017,1.37035,1.75,1.00
2016.10.05 09:54:35.900,1.37017,1.37035,2.25,1.00
2016.10.05 09:54:36.191,1.37017,1.37035,2.62,1.00
2016.10.05 09:54:36.393,1.37017,1.37035,2.25,1.00
2016.10.05 09:54:37.088,1.37017,1.37035,1.75,1.00
2016.10.05 09:54:37.248,1.37017,1.37035,1.75,1.00
2016.10.05 09:54:37.299,1.37019,1.37038,1.75,1.00
2016.10.05 09:54:38.220,1.37019,1.37039,1.75,2.25
2016.10.05 09:54:38.409,1.37019,1.37039,1.75,1.50
2016.10.05 09:54:38.674,1.37019,1.37039,1.75,1.00
2016.10.05 09:54:39.120,1.37019,1.37039,1.75,1.00
2016.10.05 09:54:40.986,1.37019,1.37039,1.75,1.00
2016.10.05 09:54:41.036,1.37019,1.37039,1.87,1.00
2016.10.05 09:54:41.087,1.3702,1.37039,1.50,1.00
2016.10.05 09:54:41.873,1.37019,1.37039,1.87,1.00
2016.10.05 09:54:41.974,1.3702,1.37039,1.50,1.00
2016.10.05 09:54:43.881,1.37019,1.37039,1.87,1.00
2016.10.05 09:54:44.026,1.37019,1.37039,1.87,1.00
2016.10.05 09:54:46.833,1.37019,1.37039,1.87,1.00
2016.10.05 09:54:47.971,1.37019,1.37039,1.87,1.00
2016.10.05 09:54:48.754,1.37019,1.37039,1.87,1.00
2016.10.05 09:54:48.805,1.3702,1.3704,1.50,2.25
2016.10.05 09:54:49.075,1.3702,1.3704,1.50,2.25
2016.10.05 09:54:49.126,1.3702,1.3704,1.50,1.50
2016.10.05 09:54:49.899,1.3702,1.3704,1.50,2.25
2016.10.05 09:54:50.177,1.3702,1.3704,1.50,2.25
2016.10.05 09:54:50.500,1.3702,1.37039,1.50,1.00
2016.10.05 09:54:50.713,1.3702,1.3704,1.50,2.25
2016.10.05 09:54:51.079,1.3702,1.3704,1.50,2.25
2016.10.05 09:54:51.130,1.3702,1.3704,1.50,1.50
2016.10.05 09:54:51.231,1.3702,1.3704,1.50,2.25
2016.10.05 09:54:52.181,1.3702,1.3704,1.50,2.25
2016.10.05 09:54:53.282,1.3702,1.3704,1.50,2.25
2016.10.05 09:54:53.332,1.3702,1.3704,1.50,1.50
2016.10.05 09:54:53.909,1.3702,1.3704,1.50,2.25
2016.10.05 09:54:54.386,1.3702,1.3704,1.50,2.25
2016.10.05 09:54:55.209,1.3702,1.3704,1.50,1.50
2016.10.05 09:54:56.291,1.3702,1.3704,1.50,1.50
2016.10.05 09:54:56.341,1.3702,1.3704,1.50,2.25
2016.10.05 09:54:57.394,1.3702,1.3704,1.50,2.25
2016.10.05 09:54:57.444,1.3702,1.3704,1.50,1.50
2016.10.05 09:54:57.495,1.3702,1.3704,1.50,1.50
2016.10.05 09:54:57.546,1.3702,1.3704,2.25,1.00
2016.10.05 09:54:57.846,1.3702,1.3704,1.50,1.00
2016.10.05 09:54:57.948,1.3702,1.3704,1.50,1.50
2016.10.05 09:54:59.931,1.3702,1.3704,1.50,1.00
2016.10.05 09:55:03.796,1.3702,1.3704,1.50,1.00
2016.10.05 09:55:03.847,1.3702,1.3704,1.87,1.00
2016.10.05 09:55:04.064,1.37021,1.3704,1.75,1.00
2016.10.05 09:55:04.114,1.37021,1.3704,1.75,1.00
2016.10.05 09:55:04.929,1.3702,1.3704,2.25,1.00
2016.10.05 09:55:04.986,1.3702,1.3704,2.25,1.00
2016.10.05 09:55:06.490,1.3702,1.3704,2.25,1.00
2016.10.05 09:55:06.540,1.3702,1.3704,1.75,1.00
2016.10.05 09:55:07.709,1.3702,1.3704,1.75,1.00
2016.10.05 09:55:10.804,1.3702,1.3704,1.75,1.00
2016.10.05 09:55:11.719,1.3702,1.3704,1.87,1.00
2016.10.05 09:55:12.110,1.3702,1.3704,1.87,1.00
2016.10.05 09:55:12.437,1.3702,1.3704,1.87,1.00
2016.10.05 09:55:13.157,1.3702,1.3704,2.62,1.00
2016.10.05 09:55:13.208,1.3702,1.3704,2.62,1.00
2016.10.05 09:55:13.604,1.37021,1.37041,1.75,2.25
2016.10.05 09:55:13.753,1.37021,1.37041,1.75,2.25
2016.10.05 09:55:17.987,1.37021,1.37041,1.75,1.50
2016.10.05 09:55:18.780,1.37021,1.3704,1.75,1.00
2016.10.05 09:55:19.377,1.37021,1.37041,1.75,1.50
2016.10.05 09:55:19.478,1.37021,1.37041,1.75,1.00
2016.10.05 09:55:19.746,1.37021,1.37041,2.25,1.00
2016.10.05 09:55:19.804,1.37022,1.37041,1.50,1.00
2016.10.05 09:55:19.956,1.37021,1.37041,1.75,1.00
2016.10.05 09:55:20.057,1.37021,1.37041,2.25,1.00
2016.10.05 09:55:21.703,1.37021,1.37041,2.25,1.00
2016.10.05 09:55:23.393,1.37021,1.37041,1.75,1.00
2016.10.05 09:55:24.458,1.37021,1.37041,2.25,1.00
2016.10.05 09:55:24.560,1.37021,1.37041,1.75,1.00
2016.10.05 09:55:25.059,1.37021,1.37041,2.25,1.00
2016.10.05 09:55:25.915,1.37021,1.37041,2.25,1.00
2016.10.05 09:55:25.966,1.37021,1.37041,1.75,1.00
2016.10.05 09:55:28.549,1.37021,1.37041,1.75,1.00
2016.10.05 09:55:29.568,1.37021,1.37041,1.75,1.00
2016.10.05 09:55:29.669,1.37022,1.37041,1.50,1.00
2016.10.05 09:55:29.771,1.37022,1.37041,1.50,1.00
2016.10.05 09:55:30.169,1.37022,1.37041,1.12,1.00
2016.10.05 09:55:31.973,1.37021,1.37041,1.50,1.50
2016.10.05 09:55:32.176,1.37021,1.37041,1.50,1.50
2016.10.05 09:55:33.862,1.37021,1.37041,1.50,1.50
2016.10.05 09:55:33.913,1.37022,1.37041,1.12,1.00
2016.10.05 09:55:34.167,1.37022,1.37041,1.12,1.00
2016.10.05 09:55:34.268,1.37022,1.37041,1.50,1.00
2016.10.05 09:55:34.795,1.37022,1.3704,1.50,1.00
2016.10.05 09:55:36.563,1.37022,1.3704,1.12,1.00
2016.10.05 09:55:41.799,1.37022,1.37041,1.12,1.00
2016.10.05 09:55:41.923,1.37022,1.37042,1.12,1.50
2016.10.05 09:55:43.612,1.37022,1.3704,1.12,1.00
2016.10.05 09:55:43.717,1.37022,1.3704,1.12,1.00
2016.10.05 09:55:44.984,1.37022,1.3704,1.12,1.00
2016.10.05 09:55:45.085,1.37022,1.3704,1.12,1.00
2016.10.05 09:55:45.395,1.37022,1.3704,1.12,1.00
2016.10.05 09:55:45.642,1.37022,1.3704,1.12,1.00
2016.10.05 09:55:46.731,1.37022,1.3704,1.12,1.00
2016.10.05 09:55:46.934,1.37022,1.3704,1.87,1.00
2016.10.05 09:55:47.998,1.37022,1.3704,1.12,1.00
2016.10.05 09:55:49.403,1.37023,1.3704,1.00,1.00
2016.10.05 09:55:50.521,1.37022,1.3704,1.87,1.00
2016.10.05 09:55:50.623,1.37022,1.3704,1.87,1.00
2016.10.05 09:55:51.925,1.37022,1.3704,1.12,1.00
2016.10.05 09:55:55.175,1.37022,1.3704,1.75,1.00
2016.10.05 09:55:55.773,1.37023,1.37043,1.75,1.00
2016.10.05 09:55:56.235,1.37023,1.37043,1.75,1.50
2016.10.05 09:55:58.166,1.37023,1.37043,1.75,1.00
2016.10.05 09:55:58.216,1.37023,1.37043,1.75,1.00
2016.10.05 09:55:58.447,1.37023,1.37043,1.75,1.50
2016.10.05 09:55:58.548,1.37023,1.37043,1.75,1.50
2016.10.05 09:55:59.841,1.37023,1.37043,1.75,1.50
2016.10.05 09:56:03.194,1.37025,1.37043,1.00,1.00
2016.10.05 09:56:03.967,1.37025,1.37043,1.00,1.00
2016.10.05 09:56:04.180,1.37023,1.37043,2.25,1.00
2016.10.05 09:56:05.774,1.37023,1.37043,2.25,1.00
2016.10.05 09:56:11.642,1.37023,1.37043,2.25,1.00
2016.10.05 09:56:22.610,1.37023,1.37043,2.25,1.00
2016.10.05 09:56:23.114,1.37023,1.37043,2.25,1.00
2016.10.05 09:56:24.736,1.37023,1.37043,3.00,1.00
2016.10.05 09:56:24.838,1.37024,1.37043,1.12,1.00
2016.10.05 09:56:24.888,1.37024,1.37043,1.75,1.00
2016.10.05 09:56:25.328,1.37028,1.37043,1.00,1.00
2016.10.05 09:56:25.648,1.37029,1.37048,1.00,1.12
2016.10.05 09:56:25.961,1.37026,1.37048,1.12,1.12
2016.10.05 09:56:28.583,1.37026,1.37049,1.12,1.50
2016.10.05 09:56:28.692,1.37026,1.37049,1.12,2.25
2016.10.05 09:56:28.743,1.37028,1.37045,1.00,1.00
2016.10.05 09:56:28.844,1.37027,1.37045,1.50,1.00
2016.10.05 09:56:29.047,1.37027,1.37045,1.00,1.00
2016.10.05 09:56:31.653,1.37027,1.37045,1.00,1.00
2016.10.05 09:56:31.755,1.37027,1.37045,1.00,1.00
2016.10.05 09:56:32.246,1.37027,1.37045,1.00,1.00
2016.10.05 09:56:34.083,1.37026,1.37044,1.12,1.00
2016.10.05 09:56:41.860,1.37026,1.37044,1.12,1.00
2016.10.05 09:56:41.961,1.37026,1.37044,1.87,1.00
2016.10.05 09:56:42.062,1.37026,1.37044,1.12,1.00
2016.10.05 09:56:42.310,1.37026,1.37044,1.12,1.00
2016.10.05 09:56:44.571,1.37026,1.37044,1.12,1.00
2016.10.05 09:56:48.104,1.37026,1.37044,1.12,1.00
2016.10.05 09:56:48.851,1.37026,1.37044,1.87,1.00
2016.10.05 09:56:49.002,1.37027,1.37045,1.00,1.00
2016.10.05 09:56:49.962,1.37027,1.37045,1.00,1.00
2016.10.05 09:56:50.012,1.37027,1.37045,1.00,1.00
2016.10.05 09:56:50.063,1.37029,1.37048,1.12,1.00
2016.10.05 09:56:50.114,1.37029,1.37049,1.12,1.00
2016.10.05 09:56:50.242,1.3703,1.37049,1.12,1.00
2016.10.05 09:56:50.293,1.37038,1.37055,1.12,1.00
2016.10.05 09:56:50.343,1.37039,1.37055,1.00,1.00
2016.10.05 09:56:50.394,1.37039,1.37055,1.75,1.00
2016.10.05 09:56:50.445,1.3704,1.37055,1.50,1.00
2016.10.05 09:56:50.496,1.3704,1.37055,1.75,1.00
2016.10.05 09:56:51.031,1.37041,1.37055,1.75,1.00
2016.10.05 09:56:51.082,1.37041,1.37058,1.75,1.00
2016.10.05 09:56:51.393,1.37041,1.37058,1.75,1.00
2016.10.05 09:56:51.444,1.37039,1.37058,1.87,1.00
2016.10.05 09:56:51.909,1.37039,1.37058,1.87,1.00
2016.10.05 09:56:51.960,1.37042,1.3706,1.75,1.00
2016.10.05 09:56:52.011,1.37042,1.3706,1.12,1.00
2016.10.05 09:56:52.062,1.37039,1.37059,1.12,1.00
2016.10.05 09:56:52.113,1.37039,1.37059,1.12,1.00
2016.10.05 09:56:52.164,1.37035,1.37055,1.75,1.50
2016.10.05 09:56:52.215,1.37035,1.37055,1.75,1.50
2016.10.05 09:56:52.266,1.37035,1.37055,1.50,1.00
2016.10.05 09:56:52.367,1.37035,1.37055,1.75,1.50
2016.10.05 09:56:52.469,1.37035,1.37055,1.75,1.00
2016.10.05 09:56:53.388,1.37035,1.37055,1.75,1.00
2016.10.05 09:56:53.489,1.37035,1.37055,1.75,1.00
2016.10.05 09:56:53.932,1.37035,1.37055,1.75,1.00
2016.10.05 09:56:54.033,1.37035,1.37054,1.75,1.00
2016.10.05 09:56:54.135,1.37035,1.37054,1.50,1.00
2016.10.05 09:56:54.275,1.37035,1.37053,1.12,1.00
2016.10.05 09:56:54.326,1.37032,1.3705,2.25,1.00
2016.10.05 09:56:54.579,1.37032,1.3705,1.75,1.00
2016.10.05 09:56:55.306,1.37032,1.3705,1.50,1.00
2016.10.05 09:56:59.709,1.37032,1.3705,1.50,1.00
2016.10.05 09:57:00.661,1.37032,1.3705,1.50,1.00
2016.10.05 09:57:02.917,1.37032,1.3705,2.25,1.00
2016.10.05 09:57:03.204,1.37032,1.3705,1.50,1.00
2016.10.05 09:57:03.255,1.37032,1.3705,1.50,1.00
2016.10.05 09:57:03.823,1.37032,1.3705,1.50,1.00
2016.10.05 09:57:03.924,1.37032,1.3705,1.00,1.75
2016.10.05 09:57:05.490,1.37033,1.3705,1.00,1.75
2016.10.05 09:57:05.541,1.37033,1.3705,1.00,1.75
2016.10.05 09:57:05.592,1.37035,1.3705,1.00,1.75
2016.10.05 09:57:05.810,1.37035,1.3705,1.00,1.12
2016.10.05 09:57:06.182,1.37033,1.3705,1.00,1.12
2016.10.05 09:57:06.792,1.37034,1.3705,1.00,1.12
2016.10.05 09:57:08.506,1.37034,1.3705,1.00,1.12
2016.10.05 09:57:10.695,1.37033,1.3705,1.12,1.12
2016.10.05 09:57:12.023,1.37032,1.3705,1.50,1.12
2016.10.05 09:57:13.805,1.37032,1.37052,1.50,1.75
2016.10.05 09:57:14.984,1.37032,1.37052,1.50,1.75
2016.10.05 09:57:15.260,1.37032,1.37052,1.50,2.25
2016.10.05 09:57:16.169,1.37032,1.37052,1.50,1.75
2016.10.05 09:57:18.926,1.37032,1.37052,2.25,1.75
2016.10.05 09:57:18.977,1.37032,1.37052,2.25,1.75
2016.10.05 09:57:19.205,1.37032,1.37052,2.25,1.75
2016.10.05 09:57:19.256,1.37032,1.37052,1.50,1.75
2016.10.05 09:57:35.331,1.37032,1.37052,1.50,1.75
2016.10.05 09:57:35.405,1.37032,1.37052,1.50,1.75
2016.10.05 09:57:35.506,1.37032,1.37052,1.50,1.75
2016.10.05 09:57:35.756,1.37032,1.37052,1.50,1.75
2016.10.05 09:57:36.667,1.37032,1.37052,1.50,1.75
2016.10.05 09:57:36.718,1.37032,1.37052,1.50,2.25
2016.10.05 09:57:37.224,1.37032,1.37052,1.50,2.25
2016.10.05 09:57:37.274,1.37032,1.37052,1.50,1.75
2016.10.05 09:57:37.325,1.37032,1.37052,1.50,1.75
2016.10.05 09:57:37.991,1.37032,1.37052,1.50,2.25
2016.10.05 09:57:38.042,1.37032,1.37052,1.50,2.25
2016.10.05 09:57:38.368,1.37032,1.37052,1.50,3.00
2016.10.05 09:57:38.645,1.37032,1.37052,1.50,3.00
2016.10.05 09:57:41.601,1.37032,1.37052,1.50,2.25
2016.10.05 09:57:41.756,1.37032,1.37052,1.50,2.25
2016.10.05 09:57:42.164,1.37032,1.37052,1.50,3.00
2016.10.05 09:57:42.266,1.37032,1.37052,1.50,3.00
2016.10.05 09:57:43.826,1.37032,1.37052,1.50,3.00
2016.10.05 09:57:43.877,1.37032,1.3705,1.50,1.12
2016.10.05 09:57:47.536,1.37029,1.37049,2.25,1.00
2016.10.05 09:57:47.598,1.37029,1.37048,1.75,1.00
2016.10.05 09:57:47.649,1.37029,1.37048,1.75,1.00
2016.10.05 09:57:47.700,1.37029,1.37047,1.75,1.00
2016.10.05 09:57:47.752,1.37027,1.37047,1.75,1.50
2016.10.05 09:57:47.804,1.37027,1.37047,1.75,1.87
2016.10.05 09:57:48.304,1.37027,1.37047,1.75,1.12
2016.10.05 09:57:48.356,1.37027,1.37047,1.75,1.12
2016.10.05 09:57:48.458,1.37027,1.37047,1.75,1.12
2016.10.05 09:57:48.993,1.37027,1.37047,1.75,1.12
2016.10.05 09:57:49.586,1.37027,1.37046,1.75,1.00
2016.10.05 09:57:49.860,1.37027,1.37046,1.75,1.00
2016.10.05 09:57:49.910,1.37027,1.37047,1.75,1.87
2016.10.05 09:57:50.012,1.37027,1.37046,1.75,1.00
2016.10.05 09:57:50.789,1.37027,1.37047,1.75,1.87
2016.10.05 09:57:54.500,1.37027,1.37047,1.75,1.12
2016.10.05 09:57:55.336,1.37027,1.37047,1.75,1.87
2016.10.05 09:57:58.625,1.37027,1.37047,1.75,1.12
2016.10.05 09:58:02.113,1.37027,1.37047,1.75,1.87
2016.10.05 09:58:02.215,1.37027,1.37047,1.75,2.25
2016.10.05 09:58:02.557,1.37027,1.37047,1.75,2.25
2016.10.05 09:58:02.683,1.37027,1.37047,1.00,2.25
2016.10.05 09:58:02.734,1.37027,1.37047,1.00,2.25
2016.10.05 09:58:02.836,1.37026,1.37044,1.12,1.00
2016.10.05 09:58:02.988,1.37026,1.37044,1.12,1.50
2016.10.05 09:58:04.202,1.37025,1.37043,1.50,1.12
2016.10.05 09:58:08.240,1.37027,1.37043,1.00,1.12
2016.10.05 09:58:08.343,1.37027,1.37047,1.50,1.75
2016.10.05 09:58:08.393,1.37027,1.37047,1.87,1.50
2016.10.05 09:58:08.504,1.37027,1.37047,1.87,1.50
2016.10.05 09:58:09.342,1.37027,1.37047,1.87,1.50
2016.10.05 09:58:09.452,1.37027,1.37047,1.87,1.50
2016.10.05 09:58:09.553,1.37027,1.37047,1.87,1.50
2016.10.05 09:58:09.604,1.37027,1.37047,2.25,1.50
2016.10.05 09:58:09.735,1.37027,1.37047,1.75,1.50
2016.10.05 09:58:09.836,1.37027,1.37047,1.75,1.50
2016.10.05 09:58:09.903,1.37027,1.37047,1.75,2.25
2016.10.05 09:58:10.211,1.37027,1.37046,1.75,1.12
2016.10.05 09:58:10.313,1.37027,1.37046,1.75,1.12
2016.10.05 09:58:11.210,1.37027,1.37046,1.75,1.12
2016.10.05 09:58:11.261,1.37027,1.37047,1.75,3.00
2016.10.05 09:58:11.362,1.37027,1.37045,1.75,1.00
2016.10.05 09:58:11.963,1.37026,1.37044,1.75,1.00
2016.10.05 09:58:12.115,1.37026,1.37044,1.75,1.00
2016.10.05 09:58:36.030,1.37026,1.37044,2.25,1.00
2016.10.05 09:58:36.132,1.37028,1.37044,1.12,1.00
2016.10.05 09:58:36.335,1.37028,1.37044,1.12,1.00
2016.10.05 09:58:36.753,1.37026,1.37044,1.75,1.00
2016.10.05 09:58:36.856,1.37026,1.37044,1.75,1.00
2016.10.05 09:58:38.442,1.37026,1.37044,2.25,1.00
2016.10.05 09:58:38.520,1.37026,1.37044,2.25,1.00
2016.10.05 09:58:38.571,1.37026,1.37044,2.25,1.00
2016.10.05 09:58:38.672,1.37026,1.37044,1.75,1.00
2016.10.05 09:58:40.035,1.37027,1.37044,1.75,1.00
2016.10.05 09:58:40.952,1.37026,1.37044,1.75,1.00
2016.10.05 09:58:41.289,1.37026,1.37044,1.50,1.00
2016.10.05 09:58:41.340,1.37024,1.37042,1.75,1.00
2016.10.05 09:58:41.391,1.37024,1.37042,1.50,1.00
2016.10.05 09:58:41.492,1.37024,1.37042,1.50,1.12
2016.10.05 09:58:41.543,1.37021,1.37041,1.75,1.00
2016.10.05 09:58:41.594,1.37021,1.37041,1.75,1.00
2016.10.05 09:58:41.696,1.37022,1.37041,1.50,1.00
2016.10.05 09:58:42.206,1.37021,1.37041,2.25,1.00
2016.10.05 09:58:42.257,1.37021,1.37041,1.75,1.00
2016.10.05 09:58:42.663,1.37021,1.37041,1.75,1.00
2016.10.05 09:58:44.171,1.37021,1.37041,2.25,1.00
2016.10.05 09:58:49.788,1.37021,1.37041,2.25,1.00
2016.10.05 09:58:49.890,1.37022,1.37041,1.50,1.00
2016.10.05 09:58:49.992,1.37021,1.37041,2.25,1.00
2016.10.05 09:58:51.682,1.37021,1.37041,2.25,1.00
2016.10.05 09:58:51.796,1.37022,1.37041,1.50,1.00
2016.10.05 09:58:52.198,1.37023,1.37041,1.12,1.00
2016.10.05 09:58:53.000,1.37022,1.37041,1.50,1.00
2016.10.05 09:58:53.402,1.37021,1.37041,2.25,1.00
2016.10.05 09:58:53.602,1.37022,1.37041,1.50,1.00
2016.10.05 09:58:55.477,1.37023,1.37043,1.87,1.50
2016.10.05 09:58:55.528,1.37023,1.37043,1.87,1.50
2016.10.05 09:58:55.579,1.37024,1.37043,1.12,1.12
2016.10.05 09:58:55.680,1.37023,1.37043,2.25,1.12
2016.10.05 09:58:55.731,1.37023,1.37043,2.25,1.12
2016.10.05 09:58:55.991,1.37025,1.37043,1.00,1.12
2016.10.05 09:58:56.042,1.37025,1.37043,1.00,1.12
2016.10.05 09:58:56.093,1.37023,1.37043,2.25,1.12
2016.10.05 09:58:56.548,1.37023,1.37043,2.25,1.12
2016.10.05 09:58:57.314,1.37023,1.37043,1.50,1.12
2016.10.05 09:58:57.543,1.37024,1.37043,1.12,1.12
2016.10.05 09:59:01.271,1.37023,1.37043,2.25,1.12
2016.10.05 09:59:01.572,1.37023,1.37043,1.50,1.12
2016.10.05 09:59:03.308,1.37023,1.37043,1.50,1.12
2016.10.05 09:59:03.626,1.37023,1.37043,1.50,1.12
2016.10.05 09:59:04.016,1.37023,1.37043,1.50,1.12
2016.10.05 09:59:04.118,1.37023,1.37042,1.50,1.00
2016.10.05 09:59:04.267,1.37023,1.37043,1.12,2.25
2016.10.05 09:59:05.242,1.37023,1.37043,1.12,2.25
2016.10.05 09:59:05.445,1.37023,1.37043,1.12,1.50
2016.10.05 09:59:08.252,1.37023,1.37043,1.12,1.50
2016.10.05 09:59:08.432,1.37023,1.37043,1.12,2.25
2016.10.05 09:59:08.483,1.37023,1.37043,1.12,1.50
2016.10.05 09:59:09.372,1.37023,1.37043,1.12,1.50
2016.10.05 09:59:09.658,1.37023,1.37043,1.12,1.50
2016.10.05 09:59:10.208,1.37021,1.37041,2.25,1.00
2016.10.05 09:59:10.259,1.37021,1.37041,2.25,1.00
2016.10.05 09:59:10.360,1.37021,1.37041,2.25,1.00
2016.10.05 09:59:10.613,1.37021,1.37041,2.25,1.12
2016.10.05 09:59:11.458,1.37021,1.37041,2.25,1.12
2016.10.05 09:59:11.509,1.37021,1.37041,1.50,1.87
2016.10.05 09:59:11.560,1.37021,1.37041,1.50,1.87
2016.10.05 09:59:11.661,1.37021,1.37041,1.50,1.87
2016.10.05 09:59:12.115,1.37021,1.37041,1.50,1.12
2016.10.05 09:59:12.166,1.37021,1.37041,1.50,1.12
2016.10.05 09:59:12.217,1.3702,1.3704,1.75,1.50
2016.10.05 09:59:12.268,1.3702,1.3704,1.75,1.50
2016.10.05 09:59:13.656,1.3702,1.3704,1.75,1.50
2016.10.05 09:59:14.698,1.3702,1.3704,1.75,1.00
2016.10.05 09:59:14.847,1.3702,1.3704,1.75,1.50
2016.10.05 09:59:14.898,1.37018,1.37038,1.75,1.00
2016.10.05 09:59:14.949,1.37018,1.37038,1.75,1.12
2016.10.05 09:59:15.000,1.37018,1.37037,1.75,1.00
2016.10.05 09:59:15.050,1.37018,1.37037,1.75,1.12
2016.10.05 09:59:15.102,1.37017,1.37035,1.75,1.00
2016.10.05 09:59:15.153,1.37017,1.37035,1.75,1.00
2016.10.05 09:59:19.420,1.37017,1.37035,1.12,1.00
2016.10.05 09:59:19.683,1.37017,1.37035,1.12,1.00
2016.10.05 09:59:19.734,1.37016,1.37034,1.50,1.50
2016.10.05 09:59:19.784,1.37016,1.37034,1.50,1.50
2016.10.05 09:59:19.835,1.37016,1.37034,1.50,1.00
2016.10.05 09:59:19.886,1.37016,1.37034,1.12,1.00
2016.10.05 09:59:22.082,1.37016,1.37034,1.12,1.00
2016.10.05 09:59:22.281,1.37016,1.37034,1.12,1.00
2016.10.05 09:59:29.114,1.37014,1.37034,1.75,1.00
2016.10.05 09:59:32.163,1.37015,1.37034,1.50,1.00
2016.10.05 09:59:32.264,1.37014,1.37034,1.75,1.00
2016.10.05 09:59:33.417,1.37014,1.37034,2.25,1.00
2016.10.05 09:59:34.273,1.37014,1.37034,2.25,1.00
2016.10.05 09:59:34.346,1.37016,1.37034,1.12,1.00
2016.10.05 09:59:34.498,1.37016,1.37034,1.75,1.00
2016.10.05 09:59:37.130,1.37016,1.37034,1.75,1.00
2016.10.05 09:59:38.935,1.37016,1.37034,1.75,1.00
2016.10.05 09:59:38.986,1.37017,1.37035,1.50,1.12
2016.10.05 09:59:39.157,1.37018,1.37035,1.12,1.12
2016.10.05 09:59:39.208,1.37018,1.37035,1.12,1.12
2016.10.05 09:59:39.258,1.3702,1.37039,1.00,1.75
2016.10.05 09:59:39.360,1.3702,1.37039,1.50,1.50
2016.10.05 09:59:39.415,1.3702,1.37039,1.50,1.50
2016.10.05 09:59:39.684,1.3702,1.37039,1.50,1.50
2016.10.05 09:59:40.179,1.37019,1.37039,2.25,1.50
2016.10.05 09:59:40.446,1.3702,1.37039,1.50,1.50
2016.10.05 09:59:40.681,1.37019,1.37039,2.25,1.00
2016.10.05 09:59:40.987,1.37019,1.37039,1.75,1.00
2016.10.05 09:59:41.121,1.37019,1.37039,1.75,1.00
2016.10.05 09:59:41.172,1.37019,1.37039,2.25,1.00
2016.10.05 09:59:42.023,1.37019,1.37039,2.25,1.00
2016.10.05 09:59:42.074,1.37019,1.37039,1.75,1.00
2016.10.05 09:59:42.124,1.37019,1.37039,1.75,1.00
2016.10.05 09:59:42.175,1.3702,1.37039,1.75,1.00
2016.10.05 09:59:42.467,1.37019,1.37039,1.75,1.00
2016.10.05 09:59:42.569,1.3702,1.37039,1.75,1.00
2016.10.05 09:59:42.989,1.37019,1.37039,2.25,1.00
2016.10.05 09:59:43.415,1.37019,1.37039,2.25,1.00
2016.10.05 09:59:43.688,1.3702,1.37039,1.75,1.00
2016.10.05 09:59:43.739,1.3702,1.37039,1.75,1.00
2016.10.05 09:59:44.040,1.37019,1.37039,2.25,1.00
2016.10.05 09:59:44.091,1.37019,1.37039,2.25,1.00
2016.10.05 09:59:44.193,1.3702,1.3704,1.75,1.00
2016.10.05 09:59:44.244,1.3702,1.3704,1.75,1.00
2016.10.05 09:59:45.196,1.3702,1.3704,1.75,1.50
2016.10.05 09:59:46.500,1.3702,1.3704,1.75,1.00
2016.10.05 09:59:46.809,1.3702,1.37039,1.50,1.50
2016.10.05 09:59:47.014,1.37016,1.37036,2.62,1.50
2016.10.05 09:59:47.066,1.37016,1.37036,1.87,1.87
2016.10.05 09:59:47.117,1.37016,1.37036,1.75,1.87
2016.10.05 09:59:47.404,1.37016,1.37036,2.25,1.12
2016.10.05 09:59:47.969,1.37016,1.37036,2.25,1.12
2016.10.05 09:59:48.080,1.37016,1.37036,1.75,1.87
2016.10.05 09:59:48.331,1.37016,1.37036,1.75,1.12
2016.10.05 09:59:48.444,1.37016,1.37036,1.75,1.12
2016.10.05 09:59:48.545,1.37016,1.37036,1.75,1.12
2016.10.05 09:59:48.646,1.37016,1.37036,1.75,1.12
2016.10.05 09:59:48.697,1.37016,1.37036,2.25,1.12
2016.10.05 09:59:49.097,1.37017,1.37036,1.75,1.12
2016.10.05 09:59:49.148,1.37017,1.37036,1.75,1.12
2016.10.05 09:59:49.250,1.37017,1.37036,1.75,1.00
2016.10.05 09:59:49.301,1.37019,1.37037,1.12,1.00
2016.10.05 09:59:50.171,1.37019,1.37037,1.87,1.00
2016.10.05 09:59:50.275,1.37019,1.37037,1.12,1.00
2016.10.05 09:59:50.326,1.37019,1.37037,1.75,1.00
2016.10.05 09:59:52.191,1.37019,1.37037,2.25,1.00
2016.10.05 09:59:53.008,1.37019,1.37037,1.75,1.00
2016.10.05 09:59:59.089,1.37019,1.37037,2.25,1.00
