2016.08.30 23:00:01.425,1.3636,1.36382,1.00,1.00
2016.08.30 23:00:02.227,1.3636,1.36383,1.00,1.50
2016.08.30 23:00:02.277,1.36359,1.36381,1.00,1.00
2016.08.30 23:00:04.291,1.36359,1.36381,1.12,1.10
2016.08.30 23:00:04.736,1.36361,1.36382,1.00,1.12
2016.08.30 23:00:05.714,1.36361,1.36382,1.50,1.10
2016.08.30 23:00:06.857,1.36361,1.36382,1.00,1.75
2016.08.30 23:00:14.150,1.36359,1.36379,1.12,1.10
2016.08.30 23:00:14.875,1.36359,1.36378,1.00,1.12
2016.08.30 23:00:14.976,1.36348,1.36371,1.75,1.00
2016.08.30 23:00:15.078,1.36348,1.36371,1.50,1.50
2016.08.30 23:00:15.136,1.36348,1.36371,1.50,1.00
2016.08.30 23:00:16.215,1.36348,1.36371,1.50,1.12
2016.08.30 23:00:16.525,1.36348,1.36371,1.10,1.10
2016.08.30 23:00:19.087,1.36351,1.36373,1.00,1.50
2016.08.30 23:00:34.087,1.36351,1.36373,1.00,1.10
2016.08.30 23:00:34.200,1.36351,1.36373,1.00,1.10
2016.08.30 23:00:36.697,1.36358,1.36374,1.00,1.12
2016.08.30 23:00:36.798,1.36352,1.36374,1.00,1.12
2016.08.30 23:00:41.466,1.36352,1.36374,1.00,1.00
2016.08.30 23:01:01.180,1.36352,1.36374,1.00,1.50
2016.08.30 23:01:02.320,1.36352,1.36374,1.00,1.00
2016.08.30 23:01:03.512,1.36352,1.36374,1.00,1.50
2016.08.30 23:01:03.592,1.36352,1.36374,1.00,1.00
2016.08.30 23:01:04.365,1.36354,1.36374,1.00,1.00
2016.08.30 23:01:12.561,1.36354,1.36376,1.00,1.00
2016.08.30 23:01:21.809,1.36354,1.36375,1.00,1.00
2016.08.30 23:01:23.110,1.36354,1.36376,1.00,1.50
2016.08.30 23:01:25.453,1.36354,1.36375,1.00,1.00
2016.08.30 23:01:25.605,1.36354,1.36375,1.00,1.00
2016.08.30 23:01:25.706,1.36352,1.36374,1.00,1.00
2016.08.30 23:01:25.757,1.36352,1.36374,1.00,1.50
2016.08.30 23:01:27.715,1.36352,1.36374,1.00,1.00
2016.08.30 23:01:29.315,1.36352,1.36374,1.00,1.00
2016.08.30 23:01:39.332,1.36352,1.36374,1.00,1.50
2016.08.30 23:01:40.539,1.36352,1.36374,1.00,1.00
2016.08.30 23:01:45.455,1.36352,1.36374,1.50,1.00
2016.08.30 23:01:45.506,1.36352,1.36374,1.50,1.00
2016.08.30 23:01:45.607,1.36354,1.36376,1.00,1.00
2016.08.30 23:01:45.658,1.36355,1.36377,1.00,1.10
2016.08.30 23:02:01.108,1.36355,1.36377,1.00,1.00
2016.08.30 23:02:01.684,1.36355,1.36376,1.00,1.00
2016.08.30 23:02:01.785,1.36353,1.36375,1.00,1.00
2016.08.30 23:02:01.898,1.36353,1.36375,1.00,1.50
2016.08.30 23:02:03.137,1.36352,1.36374,1.00,1.00
2016.08.30 23:02:03.339,1.36352,1.36374,1.00,1.00
2016.08.30 23:02:06.571,1.36352,1.36374,1.50,1.00
2016.08.30 23:02:06.643,1.36352,1.36374,1.50,1.00
2016.08.30 23:02:06.694,1.36355,1.36377,1.00,1.10
2016.08.30 23:02:08.772,1.36352,1.36374,1.00,1.00
2016.08.30 23:02:12.584,1.36356,1.36376,1.00,1.00
2016.08.30 23:02:19.576,1.36354,1.36374,1.00,1.00
2016.08.30 23:02:21.602,1.36356,1.36377,1.00,1.10
2016.08.30 23:02:21.703,1.36356,1.36377,1.00,1.00
2016.08.30 23:02:27.691,1.36355,1.36376,1.00,1.00
2016.08.30 23:02:30.612,1.36355,1.36376,1.00,1.00
2016.08.30 23:02:49.527,1.36355,1.36375,1.00,1.00
2016.08.30 23:02:54.545,1.36351,1.36373,1.00,1.00
2016.08.30 23:02:54.596,1.36351,1.36373,1.00,1.00
2016.08.30 23:02:55.722,1.36351,1.36373,1.00,1.50
2016.08.30 23:02:55.823,1.36351,1.36373,1.00,1.57
2016.08.30 23:02:57.766,1.36351,1.36373,1.00,1.57
2016.08.30 23:03:04.606,1.36351,1.36373,1.00,1.57
2016.08.30 23:03:19.314,1.36351,1.36373,1.00,1.50
2016.08.30 23:03:21.588,1.36354,1.36375,1.00,1.12
2016.08.30 23:03:21.639,1.36354,1.36375,1.00,1.00
2016.08.30 23:03:27.801,1.36354,1.36376,1.00,1.10
2016.08.30 23:03:32.418,1.36354,1.36376,1.00,1.00
2016.08.30 23:03:35.904,1.36354,1.36376,1.00,1.50
2016.08.30 23:03:35.955,1.36354,1.36376,1.00,1.50
2016.08.30 23:03:36.006,1.36354,1.36376,1.00,1.00
2016.08.30 23:03:40.800,1.36354,1.36376,1.00,1.50
2016.08.30 23:03:40.902,1.36354,1.36376,1.00,1.00
2016.08.30 23:03:41.881,1.36354,1.36376,1.00,1.00
2016.08.30 23:03:42.871,1.36355,1.36377,1.00,1.00
2016.08.30 23:03:58.820,1.36355,1.36377,1.00,1.00
2016.08.30 23:03:59.689,1.36358,1.36378,1.00,1.00
2016.08.30 23:04:00.888,1.36359,1.36382,1.00,1.50
2016.08.30 23:04:00.939,1.36359,1.36382,1.00,1.12
2016.08.30 23:04:01.040,1.36359,1.36382,1.00,1.00
2016.08.30 23:04:01.192,1.36357,1.36384,1.00,1.10
2016.08.30 23:04:01.418,1.36361,1.36381,1.00,1.00
2016.08.30 23:04:04.723,1.36362,1.36383,1.00,1.00
2016.08.30 23:04:04.986,1.36362,1.36383,1.00,1.00
2016.08.30 23:04:06.826,1.36359,1.36382,1.00,1.00
2016.08.30 23:04:06.876,1.36359,1.36382,1.00,1.00
2016.08.30 23:04:19.623,1.36359,1.36381,1.00,1.00
2016.08.30 23:04:19.724,1.36359,1.36382,1.00,1.10
2016.08.30 23:04:21.070,1.36359,1.36382,1.00,1.00
2016.08.30 23:04:28.010,1.36361,1.36383,1.00,1.10
2016.08.30 23:04:33.916,1.36359,1.3638,1.00,1.00
2016.08.30 23:04:34.717,1.3636,1.3638,1.00,1.00
2016.08.30 23:04:57.573,1.3636,1.3638,1.00,1.00
2016.08.30 23:04:57.674,1.36361,1.36383,1.12,1.00
2016.08.30 23:04:57.725,1.36363,1.36383,1.00,1.00
2016.08.30 23:04:57.847,1.36364,1.36385,1.10,1.00
2016.08.30 23:04:57.999,1.36364,1.36385,1.12,1.00
2016.08.30 23:04:59.093,1.36367,1.36387,1.00,1.00
2016.08.30 23:05:02.328,1.36367,1.36387,1.12,1.00
2016.08.30 23:05:02.379,1.36368,1.3639,1.10,1.10
2016.08.30 23:05:04.900,1.36367,1.36388,1.12,1.00
2016.08.30 23:05:06.301,1.36366,1.36386,1.50,1.00
2016.08.30 23:05:06.532,1.36366,1.36386,1.10,1.00
2016.08.30 23:05:14.440,1.36366,1.36386,1.10,1.50
2016.08.30 23:05:14.542,1.36366,1.36386,1.00,1.00
2016.08.30 23:05:14.592,1.36363,1.36385,1.12,1.00
2016.08.30 23:05:14.697,1.36363,1.36385,1.12,1.50
2016.08.30 23:05:15.447,1.36361,1.36383,1.10,1.00
2016.08.30 23:05:15.922,1.36361,1.36383,1.00,1.00
2016.08.30 23:05:16.441,1.36361,1.36383,1.00,1.50
2016.08.30 23:05:16.492,1.36361,1.36381,1.00,1.00
2016.08.30 23:05:21.213,1.36361,1.36381,1.00,1.00
2016.08.30 23:05:21.878,1.36359,1.36381,1.10,1.00
2016.08.30 23:05:24.481,1.36362,1.36383,1.00,1.10
2016.08.30 23:05:24.968,1.36362,1.36383,1.00,1.10
2016.08.30 23:05:26.514,1.36362,1.36383,1.10,1.00
2016.08.30 23:05:28.086,1.36362,1.36382,1.10,1.00
2016.08.30 23:05:28.368,1.36362,1.36382,1.00,1.00
2016.08.30 23:05:31.331,1.36362,1.36382,1.00,1.50
2016.08.30 23:05:34.895,1.3636,1.36382,1.12,1.50
2016.08.30 23:05:36.081,1.3636,1.36382,1.12,1.00
2016.08.30 23:05:39.136,1.3636,1.36382,1.50,1.00
2016.08.30 23:05:41.161,1.3636,1.36382,1.10,1.00
2016.08.30 23:06:15.408,1.3636,1.36382,1.10,1.50
2016.08.30 23:06:19.949,1.36359,1.36381,1.12,1.00
2016.08.30 23:06:28.160,1.36361,1.36381,1.00,1.00
2016.08.30 23:06:28.312,1.36361,1.36381,1.00,1.50
2016.08.30 23:06:28.536,1.36361,1.3638,1.00,1.00
2016.08.30 23:06:28.637,1.36361,1.3638,1.00,1.00
2016.08.30 23:06:30.062,1.36362,1.3638,1.00,1.00
2016.08.30 23:06:30.163,1.3636,1.3638,1.00,1.50
2016.08.30 23:06:31.288,1.36362,1.3638,1.00,1.00
2016.08.30 23:06:31.389,1.36359,1.3638,1.10,1.00
2016.08.30 23:06:45.082,1.36361,1.3638,1.00,1.00
2016.08.30 23:06:47.132,1.36359,1.3638,1.10,1.00
2016.08.30 23:06:49.988,1.36361,1.3638,1.00,1.00
2016.08.30 23:06:58.298,1.3636,1.3638,1.00,1.50
2016.08.30 23:07:00.409,1.36357,1.36379,1.50,1.00
2016.08.30 23:07:00.560,1.36357,1.36379,1.12,1.00
2016.08.30 23:07:05.120,1.36358,1.3638,1.10,1.57
2016.08.30 23:07:06.240,1.36357,1.36377,1.12,1.50
2016.08.30 23:07:06.290,1.36357,1.36377,1.10,1.50
2016.08.30 23:07:06.442,1.36355,1.36376,1.50,1.00
2016.08.30 23:07:06.544,1.36355,1.36377,1.50,1.50
2016.08.30 23:07:06.606,1.36355,1.36377,1.12,1.50
2016.08.30 23:07:06.659,1.36355,1.36377,1.12,1.00
2016.08.30 23:07:13.343,1.36358,1.36378,1.00,1.10
2016.08.30 23:08:01.720,1.36358,1.36378,1.00,1.00
2016.08.30 23:08:13.459,1.36352,1.3638,1.75,1.12
2016.08.30 23:08:13.519,1.36357,1.36379,1.00,1.10
2016.08.30 23:08:56.488,1.36357,1.36378,1.00,1.00
2016.08.30 23:08:56.589,1.36357,1.36374,1.00,1.00
2016.08.30 23:08:56.663,1.36355,1.36374,1.00,1.00
2016.08.30 23:08:56.714,1.36355,1.36374,1.00,1.00
2016.08.30 23:09:01.267,1.36355,1.36375,1.00,1.10
2016.08.30 23:09:01.910,1.36355,1.36375,1.00,1.00
2016.08.30 23:09:05.318,1.36355,1.36377,1.00,1.12
2016.08.30 23:09:05.620,1.36357,1.36377,1.00,1.12
2016.08.30 23:09:05.671,1.36357,1.36377,1.00,1.87
2016.08.30 23:09:13.526,1.36355,1.36377,1.00,1.87
2016.08.30 23:09:21.092,1.36355,1.36377,1.00,1.12
2016.08.30 23:09:21.143,1.36355,1.36377,1.10,1.10
2016.08.30 23:09:22.146,1.36355,1.36377,1.10,1.00
2016.08.30 23:09:22.331,1.36355,1.36377,1.10,1.00
2016.08.30 23:09:22.382,1.36358,1.3638,1.10,1.10
2016.08.30 23:09:40.853,1.36358,1.3638,1.10,1.00
2016.08.30 23:09:40.955,1.36358,1.3638,1.12,1.00
2016.08.30 23:09:41.006,1.36361,1.36381,1.00,1.00
2016.08.30 23:09:41.057,1.36361,1.36381,1.00,1.00
2016.08.30 23:09:43.589,1.36361,1.36383,1.00,1.00
2016.08.30 23:09:59.665,1.36361,1.36383,1.57,1.00
2016.08.30 23:09:59.767,1.36361,1.36383,1.10,1.00
2016.08.30 23:10:00.646,1.36361,1.36383,1.10,1.50
2016.08.30 23:10:19.797,1.36361,1.36383,1.10,1.57
2016.08.30 23:10:19.898,1.36361,1.36383,1.10,1.10
2016.08.30 23:10:20.400,1.36361,1.36383,1.10,1.57
2016.08.30 23:10:23.286,1.36361,1.36383,1.10,1.10
2016.08.30 23:10:27.568,1.3636,1.3638,1.10,1.00
2016.08.30 23:10:42.562,1.36363,1.36383,1.00,1.12
2016.08.30 23:10:42.614,1.36363,1.36383,1.10,1.00
2016.08.30 23:10:43.202,1.36362,1.36386,1.12,1.12
2016.08.30 23:10:44.296,1.36364,1.36386,1.10,1.10
2016.08.30 23:10:45.157,1.36364,1.36386,1.10,1.10
2016.08.30 23:10:45.261,1.36362,1.36384,1.50,1.00
2016.08.30 23:10:45.396,1.36362,1.36384,1.10,1.00
2016.08.30 23:10:45.973,1.36362,1.36384,1.10,1.10
2016.08.30 23:10:46.378,1.36361,1.36381,1.12,1.00
2016.08.30 23:10:53.347,1.36361,1.36381,1.00,1.00
2016.08.30 23:10:58.698,1.3636,1.3638,1.10,1.00
2016.08.30 23:11:05.436,1.3636,1.3638,1.12,1.00
2016.08.30 23:11:05.537,1.36361,1.36383,1.10,1.10
2016.08.30 23:11:13.244,1.36359,1.36381,1.50,1.00
2016.08.30 23:11:13.404,1.36359,1.36381,1.12,1.00
2016.08.30 23:11:13.455,1.36362,1.36383,1.00,1.12
2016.08.30 23:11:20.524,1.36361,1.36381,1.00,1.00
2016.08.30 23:11:21.440,1.36361,1.3638,1.00,1.00
2016.08.30 23:11:21.491,1.36361,1.3638,1.00,1.00
2016.08.30 23:11:22.747,1.36361,1.36381,1.00,1.00
2016.08.30 23:11:22.798,1.36361,1.36381,1.00,1.00
2016.08.30 23:11:28.854,1.3636,1.3638,1.10,1.00
2016.08.30 23:11:30.257,1.36358,1.3638,1.50,1.00
2016.08.30 23:11:30.308,1.36358,1.3638,1.10,1.00
2016.08.30 23:11:30.558,1.36358,1.3638,1.10,1.50
2016.08.30 23:11:30.659,1.36356,1.36378,1.50,1.00
2016.08.30 23:11:30.858,1.36356,1.36378,1.12,1.00
2016.08.30 23:11:36.981,1.36356,1.36378,1.00,1.00
2016.08.30 23:11:47.112,1.36356,1.36378,1.00,1.12
2016.08.30 23:11:47.162,1.36356,1.36378,1.00,1.87
2016.08.30 23:11:49.459,1.36356,1.36378,1.00,1.12
2016.08.30 23:11:50.699,1.36354,1.36376,1.12,1.00
2016.08.30 23:12:01.424,1.36354,1.36376,1.10,1.00
2016.08.30 23:12:05.679,1.36355,1.36377,1.00,1.10
2016.08.30 23:12:33.416,1.36353,1.36375,1.12,1.00
2016.08.30 23:12:33.568,1.36353,1.36375,1.00,1.00
2016.08.30 23:12:39.530,1.36353,1.36375,1.00,1.50
2016.08.30 23:12:39.663,1.36353,1.36375,1.00,1.00
2016.08.30 23:12:41.168,1.36353,1.36375,1.00,1.50
2016.08.30 23:12:42.569,1.36353,1.36375,1.00,1.00
2016.08.30 23:12:53.480,1.36353,1.36375,1.10,1.00
2016.08.30 23:13:17.752,1.36353,1.36375,1.00,1.00
2016.08.30 23:13:21.405,1.36353,1.36375,1.00,1.50
2016.08.30 23:13:24.608,1.36353,1.36375,1.00,1.00
2016.08.30 23:13:29.514,1.36353,1.36375,1.10,1.00
2016.08.30 23:13:33.455,1.3635,1.36379,1.75,1.50
2016.08.30 23:13:34.696,1.36354,1.36374,1.00,1.00
2016.08.30 23:13:41.522,1.36354,1.36374,1.00,1.00
2016.08.30 23:13:57.525,1.36354,1.36374,1.00,1.00
2016.08.30 23:13:59.143,1.36353,1.36373,1.00,1.00
2016.08.30 23:14:52.706,1.36353,1.36373,1.00,1.00
2016.08.30 23:14:53.494,1.36353,1.36373,1.00,1.00
2016.08.30 23:14:59.570,1.36347,1.36374,1.75,1.00
2016.08.30 23:14:59.999,1.36351,1.36373,1.00,1.00
2016.08.30 23:15:03.698,1.36351,1.36371,1.00,1.00
2016.08.30 23:15:03.800,1.36351,1.3637,1.00,1.00
2016.08.30 23:15:04.306,1.36348,1.3637,1.12,1.00
2016.08.30 23:15:04.357,1.36348,1.3637,1.12,1.00
2016.08.30 23:15:06.008,1.36351,1.36371,1.00,1.00
2016.08.30 23:15:14.293,1.36351,1.36371,1.00,1.00
2016.08.30 23:15:34.504,1.36351,1.36371,1.00,1.00
2016.08.30 23:15:44.755,1.36351,1.36371,1.00,1.00
2016.08.30 23:15:51.070,1.36354,1.36374,1.00,1.00
2016.08.30 23:16:06.100,1.36351,1.36373,1.10,1.00
2016.08.30 23:16:09.352,1.36351,1.36373,1.12,1.00
2016.08.30 23:16:14.435,1.36352,1.36374,1.10,1.00
2016.08.30 23:16:21.798,1.36352,1.36374,1.00,1.00
2016.08.30 23:16:22.554,1.36352,1.36374,1.00,1.00
2016.08.30 23:16:23.124,1.36352,1.36374,1.12,1.00
2016.08.30 23:16:23.174,1.36355,1.36377,1.00,1.10
2016.08.30 23:16:23.225,1.36355,1.36377,1.00,1.10
2016.08.30 23:16:52.151,1.36355,1.36377,1.00,1.00
2016.08.30 23:16:57.623,1.36356,1.36377,1.00,1.00
2016.08.30 23:16:57.673,1.36358,1.3638,1.00,1.10
2016.08.30 23:16:57.876,1.36361,1.36381,1.00,1.00
2016.08.30 23:16:59.469,1.36362,1.36382,1.00,1.10
2016.08.30 23:16:59.570,1.36362,1.36382,1.00,1.00
2016.08.30 23:17:06.101,1.36363,1.36385,1.00,1.50
2016.08.30 23:17:06.151,1.36363,1.36385,1.50,1.00
2016.08.30 23:17:06.293,1.36363,1.36385,1.50,1.00
2016.08.30 23:17:06.495,1.36363,1.36385,1.75,1.00
2016.08.30 23:17:14.615,1.36363,1.36385,1.10,1.00
2016.08.30 23:17:22.401,1.36363,1.36385,1.10,1.10
2016.08.30 23:17:26.591,1.36363,1.36385,1.50,1.12
2016.08.30 23:17:29.510,1.36362,1.36384,1.75,1.10
2016.08.30 23:18:29.572,1.36358,1.36386,1.75,1.50
2016.08.30 23:18:30.696,1.36363,1.36383,1.50,1.00
2016.08.30 23:19:17.459,1.36363,1.36383,1.12,1.00
2016.08.30 23:19:34.777,1.36363,1.36383,1.10,1.12
2016.08.30 23:19:36.582,1.36363,1.36385,1.10,1.75
2016.08.30 23:19:45.047,1.36363,1.36385,1.10,1.75
2016.08.30 23:19:54.701,1.36363,1.36385,1.10,1.75
2016.08.30 23:19:54.758,1.36363,1.36385,1.12,1.10
2016.08.30 23:19:55.088,1.36363,1.36385,1.50,1.00
2016.08.30 23:20:18.744,1.36366,1.36386,1.00,1.10
2016.08.30 23:20:18.997,1.36366,1.36386,1.12,1.10
2016.08.30 23:20:20.064,1.36366,1.36386,1.50,1.00
2016.08.30 23:20:21.647,1.36366,1.36388,1.50,1.12
2016.08.30 23:20:34.801,1.36366,1.36388,1.75,1.10
2016.08.30 23:20:37.270,1.36366,1.36388,2.25,1.10
2016.08.30 23:20:38.008,1.36366,1.36388,2.25,1.10
2016.08.30 23:20:38.110,1.36366,1.36388,1.75,1.00
2016.08.30 23:20:42.567,1.36367,1.36388,1.12,1.00
2016.08.30 23:20:43.721,1.36367,1.36388,1.37,1.10
2016.08.30 23:20:43.771,1.36366,1.36388,1.75,1.10
2016.08.30 23:21:00.912,1.36366,1.36388,2.25,1.10
2016.08.30 23:21:01.557,1.36366,1.36388,2.25,1.00
2016.08.30 23:21:03.917,1.36366,1.36388,1.75,1.00
2016.08.30 23:21:04.659,1.36367,1.36388,1.37,1.00
2016.08.30 23:21:06.814,1.36368,1.36388,1.12,1.00
2016.08.30 23:21:07.282,1.36368,1.36388,1.50,1.00
2016.08.30 23:21:07.333,1.3637,1.3639,1.10,1.00
2016.08.30 23:21:07.694,1.36371,1.36393,1.00,1.50
2016.08.30 23:21:07.745,1.36371,1.36392,1.00,1.12
2016.08.30 23:21:07.846,1.36371,1.36393,1.10,1.12
2016.08.30 23:21:07.897,1.36375,1.36395,1.00,1.87
2016.08.30 23:21:07.948,1.36375,1.36395,1.00,1.87
2016.08.30 23:21:07.999,1.36375,1.36395,1.00,1.50
2016.08.30 23:21:08.049,1.36375,1.36395,1.12,1.10
2016.08.30 23:21:08.100,1.36374,1.36396,1.50,1.12
2016.08.30 23:21:08.151,1.36374,1.36396,1.10,1.10
2016.08.30 23:21:09.077,1.36374,1.36396,1.00,1.00
2016.08.30 23:21:15.010,1.36373,1.36395,1.00,1.00
2016.08.30 23:21:16.425,1.36372,1.36392,1.12,1.00
2016.08.30 23:21:16.527,1.36372,1.36392,1.10,1.00
2016.08.30 23:21:16.605,1.36372,1.36392,1.00,1.00
2016.08.30 23:21:17.625,1.36369,1.36389,1.10,1.00
2016.08.30 23:21:17.730,1.36368,1.36388,1.00,1.00
2016.08.30 23:21:17.950,1.36364,1.36386,1.12,1.00
2016.08.30 23:21:18.001,1.36364,1.36386,1.12,1.00
2016.08.30 23:21:20.234,1.36364,1.36386,1.00,1.00
2016.08.30 23:21:21.835,1.36366,1.36386,1.00,1.00
2016.08.30 23:21:30.048,1.36365,1.36385,1.00,1.00
2016.08.30 23:21:31.144,1.36364,1.36384,1.00,1.00
2016.08.30 23:21:31.243,1.36362,1.36383,1.10,1.10
2016.08.30 23:21:31.345,1.36361,1.36382,1.00,1.12
2016.08.30 23:21:32.838,1.36361,1.36383,1.00,2.25
2016.08.30 23:21:34.988,1.36361,1.36383,1.00,2.25
2016.08.30 23:21:36.835,1.3636,1.36382,1.00,1.50
2016.08.30 23:21:52.346,1.3636,1.36381,1.00,1.12
2016.08.30 23:22:00.084,1.36359,1.36381,1.10,1.87
2016.08.30 23:22:11.401,1.36359,1.36381,1.10,1.87
2016.08.30 23:22:11.502,1.36356,1.36378,1.00,1.00
2016.08.30 23:22:11.553,1.36356,1.36378,1.00,1.00
2016.08.30 23:22:11.935,1.36356,1.36376,1.00,1.00
2016.08.30 23:22:12.729,1.36356,1.36376,1.00,1.00
2016.08.30 23:22:12.831,1.36356,1.36376,1.00,1.00
2016.08.30 23:22:28.576,1.36356,1.36376,1.10,1.00
2016.08.30 23:22:48.573,1.36356,1.36376,1.10,1.00
2016.08.30 23:22:51.929,1.36357,1.36376,1.00,1.00
2016.08.30 23:23:02.913,1.36357,1.36376,1.10,1.00
2016.08.30 23:23:11.770,1.36357,1.36377,1.10,1.00
2016.08.30 23:23:13.450,1.36357,1.36377,1.12,1.00
2016.08.30 23:23:15.176,1.36359,1.36379,1.00,1.00
2016.08.30 23:23:28.875,1.36359,1.36379,1.12,1.10
2016.08.30 23:23:30.222,1.36361,1.36381,1.00,1.50
2016.08.30 23:23:31.248,1.36361,1.36381,1.00,1.10
2016.08.30 23:24:16.589,1.36361,1.36381,1.00,1.12
2016.08.30 23:24:30.905,1.36357,1.36383,1.87,1.12
2016.08.30 23:24:32.197,1.36361,1.36381,1.00,1.12
2016.08.30 23:24:36.712,1.36361,1.36381,1.00,1.10
2016.08.30 23:24:52.485,1.36361,1.36381,1.00,1.12
2016.08.30 23:24:54.973,1.36361,1.36381,1.00,1.10
2016.08.30 23:24:55.074,1.36363,1.36385,1.12,1.75
2016.08.30 23:24:55.125,1.36363,1.36385,1.87,1.00
2016.08.30 23:24:55.176,1.36364,1.36385,1.12,1.00
2016.08.30 23:24:55.277,1.36364,1.36385,1.87,1.00
2016.08.30 23:24:55.516,1.36365,1.36385,1.12,1.00
2016.08.30 23:24:56.251,1.36365,1.36387,1.87,1.00
2016.08.30 23:25:24.766,1.36367,1.36389,1.12,1.10
2016.08.30 23:25:25.048,1.36367,1.36389,1.12,1.57
2016.08.30 23:25:25.111,1.36367,1.36389,1.12,1.57
2016.08.30 23:25:25.212,1.36365,1.36385,1.75,1.00
2016.08.30 23:25:26.193,1.36368,1.36388,1.10,1.12
2016.08.30 23:25:30.472,1.36366,1.36388,1.50,1.12
2016.08.30 23:25:35.264,1.36366,1.36388,1.50,1.12
2016.08.30 23:25:42.288,1.36366,1.36388,1.50,1.12
2016.08.30 23:25:42.339,1.36365,1.36385,1.75,1.00
2016.08.30 23:25:45.493,1.36366,1.36386,1.50,1.00
2016.08.30 23:26:14.947,1.36363,1.36385,1.75,1.10
2016.08.30 23:26:14.997,1.36363,1.36385,1.75,1.10
2016.08.30 23:26:15.538,1.36365,1.36385,1.12,1.10
2016.08.30 23:26:22.346,1.36363,1.36385,1.75,1.10
2016.08.30 23:26:36.531,1.36363,1.36384,1.50,1.10
2016.08.30 23:26:36.907,1.36363,1.36385,1.50,1.87
2016.08.30 23:26:37.884,1.36363,1.36385,1.50,1.12
2016.08.30 23:27:12.794,1.36363,1.36385,1.50,1.12
2016.08.30 23:27:12.946,1.36363,1.36385,1.10,1.12
2016.08.30 23:27:13.870,1.36363,1.36384,1.10,1.10
2016.08.30 23:27:15.787,1.36362,1.36384,1.12,1.57
2016.08.30 23:27:19.042,1.36362,1.36383,1.12,1.00
2016.08.30 23:27:19.092,1.36362,1.36383,1.10,1.50
2016.08.30 23:27:22.450,1.36361,1.36383,1.12,2.25
2016.08.30 23:27:31.741,1.36361,1.36383,1.12,2.25
2016.08.30 23:27:31.792,1.36361,1.36383,1.12,1.50
2016.08.30 23:27:31.842,1.36361,1.36383,1.12,1.10
2016.08.30 23:27:48.703,1.36361,1.36383,1.12,1.50
2016.08.30 23:27:52.545,1.36361,1.36383,1.12,1.50
2016.08.30 23:28:08.489,1.36361,1.36383,1.12,1.50
2016.08.30 23:28:08.590,1.36361,1.36383,1.75,1.10
2016.08.30 23:28:22.534,1.3636,1.36386,1.12,1.12
2016.08.30 23:28:23.067,1.36362,1.36382,1.50,1.00
2016.08.30 23:28:31.018,1.36362,1.36382,1.12,1.10
2016.08.30 23:28:31.233,1.36362,1.36381,1.00,1.10
2016.08.30 23:28:35.644,1.36362,1.36382,1.00,1.87
2016.08.30 23:28:37.726,1.3636,1.36382,1.10,1.87
2016.08.30 23:28:41.735,1.3636,1.36382,1.10,2.62
2016.08.30 23:28:43.038,1.3636,1.36382,1.10,1.87
2016.08.30 23:28:44.353,1.3636,1.36382,1.10,1.12
2016.08.30 23:28:53.545,1.3636,1.3638,1.10,1.00
2016.08.30 23:28:53.646,1.36358,1.36378,1.50,1.00
2016.08.30 23:28:53.696,1.36358,1.36378,1.00,1.00
2016.08.30 23:28:53.798,1.36358,1.36378,1.00,1.00
2016.08.30 23:28:53.848,1.36358,1.36378,1.00,1.50
2016.08.30 23:28:54.737,1.36358,1.36378,1.00,1.50
2016.08.30 23:28:54.952,1.36356,1.36376,1.00,1.00
2016.08.30 23:29:00.924,1.36354,1.36376,1.00,1.00
2016.08.30 23:29:26.461,1.36354,1.36376,1.00,1.00
2016.08.30 23:29:32.888,1.36354,1.36376,1.00,1.50
2016.08.30 23:29:34.414,1.36354,1.36376,1.00,1.00
2016.08.30 23:29:34.516,1.36354,1.36376,1.00,1.00
2016.08.30 23:29:39.476,1.36354,1.36376,1.00,1.00
2016.08.30 23:29:45.982,1.36355,1.36377,1.00,2.25
2016.08.30 23:29:46.753,1.36355,1.36377,1.00,1.50
2016.08.30 23:29:56.933,1.36355,1.36377,1.00,1.00
2016.08.30 23:30:02.450,1.36355,1.36376,1.00,1.00
2016.08.30 23:30:05.136,1.36355,1.36375,1.00,1.00
2016.08.30 23:30:05.238,1.36354,1.36373,1.00,1.00
2016.08.30 23:30:14.162,1.36354,1.36371,1.00,1.00
2016.08.30 23:30:14.263,1.36354,1.36374,1.00,1.50
2016.08.30 23:30:14.365,1.36354,1.36373,1.00,1.00
2016.08.30 23:30:15.549,1.36354,1.36373,1.00,1.00
2016.08.30 23:30:15.664,1.36354,1.36373,1.00,1.00
2016.08.30 23:30:34.894,1.36354,1.36372,1.00,1.00
2016.08.30 23:30:41.421,1.36354,1.36373,1.00,1.00
2016.08.30 23:30:46.852,1.36354,1.36373,1.00,1.00
2016.08.30 23:30:54.055,1.36354,1.36374,1.00,1.00
2016.08.30 23:30:54.256,1.36354,1.36374,1.00,1.50
2016.08.30 23:30:57.830,1.36354,1.36374,1.00,1.00
2016.08.30 23:30:57.932,1.36354,1.36374,1.00,1.50
2016.08.30 23:31:05.988,1.36354,1.36374,1.00,1.50
2016.08.30 23:31:13.531,1.36354,1.36372,1.00,1.00
2016.08.30 23:31:14.158,1.36354,1.36371,1.00,1.00
2016.08.30 23:31:14.542,1.36349,1.36371,1.12,1.00
2016.08.30 23:31:15.563,1.36351,1.36373,1.00,1.50
2016.08.30 23:31:15.664,1.36351,1.36372,1.00,1.00
2016.08.30 23:31:16.183,1.36351,1.36373,1.00,1.00
2016.08.30 23:31:16.366,1.36353,1.36375,1.00,1.50
2016.08.30 23:31:21.838,1.36353,1.36373,1.00,1.00
2016.08.30 23:31:22.382,1.36353,1.36371,1.00,1.00
2016.08.30 23:31:36.964,1.36353,1.36373,1.00,1.00
2016.08.30 23:31:40.710,1.36353,1.36373,1.00,1.50
2016.08.30 23:31:41.661,1.36353,1.36373,1.00,1.00
2016.08.30 23:31:41.762,1.36353,1.36373,1.00,1.00
2016.08.30 23:31:46.201,1.36353,1.36375,1.00,1.00
2016.08.30 23:32:18.528,1.36353,1.36375,1.00,1.00
2016.08.30 23:32:22.954,1.36353,1.36375,1.10,1.00
2016.08.30 23:32:24.236,1.36355,1.36375,1.00,1.00
2016.08.30 23:32:31.344,1.36355,1.36377,1.50,2.62
2016.08.30 23:32:31.395,1.36355,1.36377,1.50,2.62
2016.08.30 23:32:37.323,1.36355,1.36376,1.00,1.10
2016.08.30 23:32:38.653,1.36355,1.36376,1.00,1.57
2016.08.30 23:32:48.653,1.36355,1.36376,1.00,1.10
2016.08.30 23:32:59.163,1.36355,1.36376,1.00,1.57
2016.08.30 23:33:01.286,1.36355,1.36376,1.00,1.10
2016.08.30 23:33:01.595,1.36355,1.36375,1.00,1.00
2016.08.30 23:33:16.767,1.36356,1.36377,1.00,1.12
2016.08.30 23:33:16.868,1.36356,1.36377,1.00,1.50
2016.08.30 23:33:19.027,1.36356,1.36377,1.10,1.10
2016.08.30 23:33:19.178,1.36357,1.36377,1.12,1.10
2016.08.30 23:33:19.229,1.36357,1.36378,1.12,1.12
2016.08.30 23:33:19.279,1.3636,1.36378,1.12,1.00
2016.08.30 23:33:19.330,1.3636,1.3638,1.12,1.10
2016.08.30 23:33:19.380,1.3636,1.3638,1.50,1.00
2016.08.30 23:33:19.686,1.36359,1.3638,2.25,1.00
2016.08.30 23:33:21.593,1.36359,1.36381,2.25,1.57
2016.08.30 23:33:25.463,1.36359,1.36381,2.25,1.10
2016.08.30 23:33:25.514,1.36359,1.36381,1.75,1.10
2016.08.30 23:33:25.564,1.36359,1.36381,1.75,1.00
2016.08.30 23:33:34.504,1.36359,1.36381,1.75,1.00
2016.08.30 23:33:35.150,1.36361,1.36381,1.12,1.00
2016.08.30 23:33:36.862,1.36361,1.36381,1.12,1.00
2016.08.30 23:33:44.546,1.36361,1.36381,1.10,1.00
2016.08.30 23:33:47.262,1.36361,1.36381,1.10,1.00
2016.08.30 23:33:51.488,1.36361,1.36381,1.10,1.12
2016.08.30 23:33:51.738,1.36361,1.36381,1.10,1.87
2016.08.30 23:33:53.274,1.3636,1.3638,1.12,1.10
2016.08.30 23:33:54.367,1.3636,1.3638,1.00,1.10
2016.08.30 23:34:01.484,1.36358,1.3638,1.12,1.10
2016.08.30 23:34:01.535,1.36358,1.3638,1.12,1.10
2016.08.30 23:34:11.756,1.36358,1.3638,1.12,1.10
2016.08.30 23:34:13.366,1.36358,1.3638,1.12,1.50
2016.08.30 23:34:21.852,1.36358,1.3638,1.12,1.50
2016.08.30 23:34:22.956,1.36358,1.3638,1.12,1.50
2016.08.30 23:34:23.057,1.36358,1.3638,1.50,1.12
2016.08.30 23:34:23.793,1.36358,1.3638,1.50,1.12
2016.08.30 23:34:23.876,1.36358,1.3638,1.50,1.87
2016.08.30 23:34:23.927,1.36358,1.3638,1.50,1.87
2016.08.30 23:34:23.978,1.36358,1.36379,1.50,1.10
2016.08.30 23:34:24.246,1.36358,1.3638,1.50,1.12
2016.08.30 23:34:24.297,1.36358,1.3638,1.50,1.00
2016.08.30 23:34:24.348,1.36361,1.36381,1.00,1.10
2016.08.30 23:34:24.586,1.36361,1.36381,1.10,1.00
2016.08.30 23:34:24.788,1.36361,1.36381,1.10,1.00
2016.08.30 23:34:24.838,1.36362,1.36384,1.12,1.10
2016.08.30 23:34:25.463,1.36364,1.36384,1.00,1.10
2016.08.30 23:34:33.631,1.36364,1.36384,1.12,1.10
2016.08.30 23:35:03.097,1.36364,1.36384,1.10,1.12
2016.08.30 23:35:08.369,1.36362,1.36384,1.50,1.12
2016.08.30 23:35:11.146,1.36362,1.36384,1.50,1.12
2016.08.30 23:35:11.298,1.36362,1.36384,1.50,1.12
2016.08.30 23:35:11.348,1.36362,1.36384,1.75,1.00
2016.08.30 23:35:11.450,1.36362,1.36384,1.75,1.00
2016.08.30 23:35:16.277,1.36362,1.36384,2.25,1.00
2016.08.30 23:35:16.682,1.36364,1.36386,1.12,1.57
2016.08.30 23:35:21.949,1.36364,1.36386,1.12,1.57
2016.08.30 23:35:22.902,1.36364,1.36386,1.12,1.57
2016.08.30 23:35:23.003,1.36363,1.36383,1.50,1.00
2016.08.30 23:35:23.054,1.36363,1.36383,1.12,1.10
2016.08.30 23:35:36.894,1.36363,1.36383,1.12,1.10
2016.08.30 23:35:59.111,1.36363,1.36383,1.00,1.10
2016.08.30 23:35:59.162,1.36363,1.36382,1.00,1.00
2016.08.30 23:35:59.314,1.36363,1.36382,1.00,1.12
2016.08.30 23:35:59.943,1.3636,1.36382,1.50,1.87
2016.08.30 23:35:59.994,1.3636,1.36382,1.50,1.12
2016.08.30 23:36:04.415,1.3636,1.36382,1.50,1.12
2016.08.30 23:36:04.567,1.3636,1.36382,1.50,1.12
2016.08.30 23:36:06.805,1.36361,1.36382,1.12,1.12
2016.08.30 23:36:06.928,1.36361,1.36382,1.12,1.00
2016.08.30 23:36:07.729,1.3636,1.36382,1.50,1.00
2016.08.30 23:36:11.624,1.3636,1.36382,1.50,1.00
2016.08.30 23:36:16.466,1.36365,1.36382,1.00,1.00
2016.08.30 23:36:16.517,1.36367,1.36386,1.00,1.12
2016.08.30 23:36:16.568,1.36367,1.36391,1.00,1.75
2016.08.30 23:36:16.619,1.36367,1.36389,1.50,1.00
2016.08.30 23:36:16.736,1.36366,1.36387,3.00,1.00
2016.08.30 23:36:16.787,1.36365,1.36387,1.50,1.12
2016.08.30 23:36:16.838,1.36365,1.36387,1.10,1.12
2016.08.30 23:36:19.136,1.36365,1.36387,1.12,1.10
2016.08.30 23:36:31.390,1.36365,1.36387,1.12,1.57
2016.08.30 23:36:31.800,1.36364,1.36386,1.50,1.00
2016.08.30 23:36:31.901,1.36364,1.36386,1.50,1.00
2016.08.30 23:36:33.734,1.36364,1.36386,1.12,1.10
2016.08.30 23:36:51.584,1.36364,1.36386,1.50,1.10
2016.08.30 23:36:52.935,1.36367,1.36389,1.00,1.75
2016.08.30 23:36:52.986,1.36367,1.36389,1.10,1.12
2016.08.30 23:36:53.163,1.36367,1.36389,1.10,1.12
2016.08.30 23:37:03.520,1.36367,1.36389,1.10,1.87
2016.08.30 23:37:06.766,1.36363,1.36385,1.75,1.00
2016.08.30 23:37:08.684,1.36364,1.36386,1.50,1.00
2016.08.30 23:37:23.731,1.36365,1.36387,1.12,1.10
2016.08.30 23:37:39.307,1.36364,1.36384,1.50,1.00
2016.08.30 23:37:39.358,1.36364,1.36384,1.50,1.00
2016.08.30 23:37:39.528,1.36364,1.36384,1.12,1.10
2016.08.30 23:38:01.945,1.36366,1.36386,1.00,1.50
2016.08.30 23:38:11.535,1.36366,1.36386,1.00,2.25
2016.08.30 23:38:11.585,1.36364,1.36384,1.10,1.12
2016.08.30 23:38:32.102,1.36364,1.36384,1.12,1.10
2016.08.30 23:38:46.623,1.36364,1.36384,1.00,1.10
2016.08.30 23:38:48.382,1.36364,1.36384,1.12,1.00
2016.08.30 23:39:04.039,1.36364,1.36384,1.10,1.00
2016.08.30 23:39:07.019,1.36364,1.36384,1.12,1.00
2016.08.30 23:39:08.924,1.36362,1.36384,1.75,1.00
2016.08.30 23:39:17.173,1.36363,1.36385,1.50,1.00
2016.08.30 23:39:24.467,1.36363,1.36385,1.12,1.10
2016.08.30 23:39:35.792,1.36363,1.36385,1.12,1.10
2016.08.30 23:39:57.812,1.36362,1.36382,1.50,1.00
2016.08.30 23:40:03.481,1.36362,1.36382,1.50,1.00
2016.08.30 23:40:09.117,1.36363,1.36383,1.12,1.00
2016.08.30 23:40:16.229,1.36363,1.36383,1.50,1.00
2016.08.30 23:40:16.282,1.36364,1.36383,1.37,1.00
2016.08.30 23:40:17.216,1.36364,1.36386,1.87,1.00
2016.08.30 23:40:17.933,1.36366,1.36386,1.12,1.00
2016.08.30 23:40:18.035,1.36366,1.36386,1.75,1.00
2016.08.30 23:40:18.085,1.36366,1.36386,1.75,1.00
2016.08.30 23:40:39.231,1.36366,1.36386,1.12,1.00
2016.08.30 23:40:51.788,1.36367,1.36389,1.10,1.12
2016.08.30 23:40:54.977,1.36367,1.36389,1.50,1.12
2016.08.30 23:40:56.906,1.36367,1.36389,1.50,1.12
2016.08.30 23:40:57.006,1.36367,1.36389,1.50,1.87
2016.08.30 23:40:57.057,1.36367,1.36389,1.50,1.87
2016.08.30 23:40:57.183,1.36367,1.36389,1.10,2.62
2016.08.30 23:41:02.369,1.36367,1.36387,1.10,1.12
2016.08.30 23:41:04.904,1.36365,1.36385,1.00,1.10
2016.08.30 23:41:05.006,1.36365,1.36385,1.00,1.50
2016.08.30 23:41:06.194,1.36365,1.36385,1.00,1.50
2016.08.30 23:41:06.385,1.36365,1.36385,1.00,1.50
2016.08.30 23:41:24.934,1.36365,1.36385,1.10,1.00
2016.08.30 23:41:32.443,1.36366,1.36386,1.00,1.10
2016.08.30 23:41:40.727,1.36366,1.36386,1.00,1.10
2016.08.30 23:41:40.972,1.36366,1.36386,1.00,1.10
2016.08.30 23:42:00.622,1.36366,1.36386,1.00,1.10
2016.08.30 23:42:00.773,1.36366,1.36386,1.00,1.10
2016.08.30 23:42:11.552,1.36366,1.36386,1.12,1.10
2016.08.30 23:42:11.863,1.36366,1.36386,1.12,1.00
2016.08.30 23:42:11.964,1.36369,1.36389,1.00,1.12
2016.08.30 23:42:12.104,1.36371,1.36392,1.00,1.12
2016.08.30 23:42:12.155,1.36371,1.36394,1.00,2.25
2016.08.30 23:42:12.205,1.36375,1.36395,1.00,1.75
2016.08.30 23:42:12.307,1.36375,1.36395,1.00,1.12
2016.08.30 23:42:12.459,1.36375,1.36395,1.12,1.10
2016.08.30 23:42:13.649,1.36375,1.36395,1.10,1.10
2016.08.30 23:42:14.659,1.36375,1.36395,1.10,1.00
2016.08.30 23:42:41.680,1.36375,1.36395,1.12,1.00
2016.08.30 23:42:41.884,1.36375,1.36395,1.10,1.00
2016.08.30 23:42:43.759,1.36375,1.36395,1.00,1.10
2016.08.30 23:42:44.343,1.3638,1.36397,1.00,1.50
2016.08.30 23:42:44.444,1.3638,1.36397,1.00,1.10
2016.08.30 23:42:44.893,1.36374,1.36396,1.12,1.00
2016.08.30 23:42:46.289,1.36374,1.36396,1.10,1.12
2016.08.30 23:42:48.744,1.36374,1.36396,1.10,1.87
2016.08.30 23:42:48.851,1.36374,1.36396,1.00,2.25
2016.08.30 23:42:54.304,1.36373,1.36395,1.10,1.12
2016.08.30 23:43:08.743,1.36373,1.36395,1.12,1.00
2016.08.30 23:43:24.474,1.36372,1.36394,1.50,1.00
2016.08.30 23:43:24.525,1.36372,1.36391,1.50,1.00
2016.08.30 23:43:24.576,1.36372,1.36391,1.12,1.00
2016.08.30 23:43:25.616,1.36372,1.36392,1.12,1.00
2016.08.30 23:43:25.818,1.36372,1.36392,1.00,1.00
2016.08.30 23:43:33.701,1.36372,1.36393,1.00,1.00
2016.08.30 23:43:33.951,1.36372,1.36393,1.00,1.00
2016.08.30 23:43:39.467,1.36372,1.36392,1.00,1.00
2016.08.30 23:43:47.679,1.3637,1.36392,1.10,1.00
2016.08.30 23:43:50.988,1.3637,1.3639,1.10,1.00
2016.08.30 23:43:51.039,1.3637,1.3639,1.10,1.50
2016.08.30 23:43:51.090,1.36366,1.36388,1.87,1.00
2016.08.30 23:43:51.140,1.36366,1.36388,1.75,1.00
2016.08.30 23:43:51.191,1.36366,1.36388,1.50,1.00
2016.08.30 23:43:51.529,1.36366,1.36387,1.10,1.00
2016.08.30 23:43:52.078,1.36366,1.36386,1.00,1.00
2016.08.30 23:43:52.712,1.36366,1.36388,1.00,1.50
2016.08.30 23:43:52.763,1.36366,1.36388,1.00,2.25
2016.08.30 23:43:52.877,1.36364,1.36385,1.12,1.00
2016.08.30 23:43:52.928,1.36364,1.36386,1.12,1.57
2016.08.30 23:43:54.109,1.36364,1.36386,1.12,1.10
2016.08.30 23:43:54.598,1.36364,1.36386,1.12,1.57
2016.08.30 23:43:54.750,1.36364,1.36384,1.00,1.10
2016.08.30 23:43:54.800,1.36361,1.36381,1.87,1.00
2016.08.30 23:43:54.851,1.36361,1.3638,1.00,1.00
2016.08.30 23:43:54.902,1.36358,1.3638,1.10,1.50
2016.08.30 23:43:54.953,1.36358,1.36378,1.00,1.00
2016.08.30 23:43:55.891,1.36357,1.36377,1.00,1.00
2016.08.30 23:44:02.720,1.36357,1.36378,1.00,1.00
2016.08.30 23:44:03.603,1.36359,1.36378,1.00,1.00
2016.08.30 23:44:03.654,1.36359,1.36379,1.00,1.00
2016.08.30 23:44:03.755,1.36359,1.36379,1.00,1.10
2016.08.30 23:44:04.124,1.3636,1.3638,1.00,1.12
2016.08.30 23:44:19.156,1.3636,1.36378,1.00,1.00
2016.08.30 23:44:19.359,1.3636,1.36378,1.00,1.50
2016.08.30 23:44:19.557,1.36357,1.36377,1.00,1.12
2016.08.30 23:44:26.371,1.36357,1.36377,1.00,1.12
2016.08.30 23:44:26.422,1.36357,1.36377,1.12,1.10
2016.08.30 23:44:28.075,1.36359,1.3638,1.00,1.75
2016.08.30 23:44:28.177,1.36359,1.3638,1.00,1.12
2016.08.30 23:44:28.278,1.36359,1.36381,1.10,1.12
2016.08.30 23:44:30.288,1.36359,1.36381,1.10,1.12
2016.08.30 23:44:30.389,1.36359,1.36381,1.57,1.12
2016.08.30 23:44:30.583,1.36363,1.36383,1.00,1.75
2016.08.30 23:44:30.684,1.36363,1.36382,1.00,1.50
2016.08.30 23:44:30.735,1.36363,1.36382,1.00,1.12
2016.08.30 23:44:31.276,1.36363,1.36382,1.00,1.12
2016.08.30 23:44:31.385,1.36363,1.36384,1.00,1.75
2016.08.30 23:44:31.486,1.36363,1.36384,1.00,1.50
2016.08.30 23:44:32.494,1.36363,1.36384,1.00,2.25
2016.08.30 23:44:32.596,1.36361,1.36382,1.10,1.10
2016.08.30 23:44:32.697,1.36361,1.36382,1.10,1.10
2016.08.30 23:44:36.340,1.36361,1.36382,1.00,1.12
2016.08.30 23:44:43.044,1.36361,1.36382,1.00,1.12
2016.08.30 23:44:49.424,1.36361,1.3638,1.00,1.00
2016.08.30 23:44:49.548,1.36361,1.36379,1.00,1.00
2016.08.30 23:44:52.105,1.36359,1.36378,1.12,1.00
2016.08.30 23:44:52.257,1.36359,1.36378,1.10,1.10
2016.08.30 23:45:02.156,1.36359,1.36378,1.10,1.00
2016.08.30 23:45:02.855,1.36361,1.36378,1.00,1.00
2016.08.30 23:45:03.256,1.36361,1.3638,1.00,1.10
2016.08.30 23:45:03.306,1.36361,1.36381,1.00,2.62
2016.08.30 23:45:06.943,1.36361,1.36381,1.00,1.87
2016.08.30 23:45:07.010,1.36361,1.36381,1.00,1.12
2016.08.30 23:45:07.112,1.36361,1.3638,1.00,1.10
2016.08.30 23:45:14.776,1.36361,1.3638,1.00,1.10
2016.08.30 23:45:14.911,1.36361,1.3638,1.00,1.00
2016.08.30 23:45:14.962,1.36361,1.3638,1.00,1.00
2016.08.30 23:45:15.768,1.36361,1.36381,1.00,1.10
2016.08.30 23:45:15.869,1.36361,1.36381,1.00,1.10
2016.08.30 23:45:15.919,1.36361,1.36381,1.10,1.00
2016.08.30 23:45:15.970,1.36362,1.36384,1.00,1.50
2016.08.30 23:45:16.604,1.36362,1.36384,1.00,1.50
2016.08.30 23:45:16.655,1.36362,1.36384,1.00,2.25
2016.08.30 23:45:16.756,1.36362,1.36384,1.00,2.25
2016.08.30 23:45:17.066,1.36362,1.36384,1.00,2.25
2016.08.30 23:45:17.167,1.36362,1.36384,1.00,1.50
2016.08.30 23:45:24.842,1.36362,1.36384,1.12,1.50
2016.08.30 23:45:27.159,1.36362,1.36384,1.12,1.50
2016.08.30 23:45:32.900,1.36363,1.36385,1.10,2.62
2016.08.30 23:45:36.911,1.36363,1.36383,1.10,1.12
2016.08.30 23:45:38.830,1.36363,1.36383,1.10,1.12
2016.08.30 23:45:38.880,1.36363,1.36383,1.10,1.87
2016.08.30 23:45:38.982,1.36363,1.36383,1.10,1.12
2016.08.30 23:45:39.032,1.36363,1.36383,1.00,1.12
2016.08.30 23:45:39.715,1.36362,1.36382,1.00,1.10
2016.08.30 23:45:43.199,1.36361,1.36381,1.10,1.00
2016.08.30 23:45:56.821,1.36364,1.36384,1.00,1.50
2016.08.30 23:46:05.421,1.36364,1.36384,1.00,1.12
2016.08.30 23:46:05.612,1.36364,1.36384,1.00,1.12
2016.08.30 23:46:12.415,1.36364,1.36384,1.00,1.12
2016.08.30 23:46:12.516,1.36364,1.36384,1.00,1.87
2016.08.30 23:46:17.956,1.36362,1.36384,1.10,1.87
2016.08.30 23:46:31.332,1.36362,1.36383,1.10,1.10
2016.08.30 23:46:31.497,1.36362,1.36383,1.10,1.50
2016.08.30 23:46:32.428,1.36362,1.36384,1.10,1.75
2016.08.30 23:46:32.983,1.36362,1.36382,1.10,1.12
2016.08.30 23:46:41.745,1.36362,1.36382,1.10,1.12
2016.08.30 23:46:48.607,1.36362,1.36382,1.10,1.87
2016.08.30 23:46:48.658,1.36362,1.36382,1.00,2.25
2016.08.30 23:46:52.799,1.36362,1.36382,1.00,1.50
2016.08.30 23:46:52.850,1.36362,1.36381,1.00,1.12
2016.08.30 23:46:54.252,1.36362,1.36382,1.00,2.25
2016.08.30 23:46:54.805,1.36361,1.36381,1.10,1.12
2016.08.30 23:47:08.167,1.36361,1.3638,1.10,1.10
2016.08.30 23:47:08.268,1.36361,1.36379,1.10,1.00
2016.08.30 23:47:08.370,1.36361,1.36381,1.00,2.62
2016.08.30 23:47:09.719,1.36361,1.36381,1.00,2.25
2016.08.30 23:47:24.398,1.36361,1.36378,1.00,1.00
2016.08.30 23:47:24.848,1.36359,1.36378,1.00,1.00
2016.08.30 23:47:28.210,1.36359,1.36379,1.00,1.10
2016.08.30 23:47:28.260,1.36359,1.36379,1.10,1.12
2016.08.30 23:47:28.311,1.36359,1.36381,1.10,2.25
2016.08.30 23:47:36.957,1.36359,1.36381,1.10,3.00
2016.08.30 23:47:37.008,1.36359,1.36379,1.10,1.12
2016.08.30 23:47:37.109,1.36359,1.36381,1.10,3.00
2016.08.30 23:47:45.147,1.36359,1.36381,1.10,2.25
2016.08.30 23:47:45.248,1.36359,1.36381,1.10,1.75
2016.08.30 23:47:45.349,1.36359,1.36381,1.12,1.10
2016.08.30 23:47:45.450,1.36359,1.36381,1.87,1.10
2016.08.30 23:47:45.616,1.36359,1.36381,2.25,1.00
2016.08.30 23:47:46.245,1.36359,1.36381,1.50,1.00
2016.08.30 23:47:46.349,1.36359,1.36381,2.25,1.00
2016.08.30 23:47:48.182,1.36362,1.36382,1.00,1.10
2016.08.30 23:47:52.455,1.36362,1.36382,1.12,1.10
2016.08.30 23:47:53.292,1.36364,1.36384,1.00,3.00
2016.08.30 23:48:02.452,1.36364,1.36384,1.00,2.25
2016.08.30 23:48:03.245,1.36362,1.36382,1.12,1.10
2016.08.30 23:48:07.006,1.36362,1.36382,1.12,1.10
2016.08.30 23:48:07.107,1.36362,1.36382,1.10,1.12
2016.08.30 23:48:07.157,1.36362,1.36382,1.10,1.87
2016.08.30 23:48:07.259,1.36362,1.3638,1.10,1.00
2016.08.30 23:48:07.533,1.36362,1.3638,1.00,1.10
2016.08.30 23:48:07.584,1.36362,1.3638,1.00,1.10
2016.08.30 23:48:10.020,1.36361,1.3638,1.10,1.10
2016.08.30 23:48:12.391,1.36361,1.36381,1.10,1.87
2016.08.30 23:48:12.524,1.3636,1.3638,1.12,1.10
2016.08.30 23:48:16.534,1.36362,1.36381,1.00,1.12
2016.08.30 23:48:16.584,1.36362,1.36382,1.00,1.50
2016.08.30 23:48:16.685,1.36362,1.36384,1.00,2.25
2016.08.30 23:48:18.230,1.36364,1.36384,1.00,2.25
2016.08.30 23:48:26.956,1.36364,1.36384,1.00,3.00
2016.08.30 23:48:32.307,1.36364,1.36382,1.00,1.10
2016.08.30 23:48:32.408,1.36361,1.36383,1.10,1.87
2016.08.30 23:48:32.509,1.36361,1.36381,1.10,1.50
2016.08.30 23:48:32.610,1.36361,1.36381,1.00,1.57
2016.08.30 23:48:33.260,1.36359,1.36381,1.12,2.32
2016.08.30 23:48:37.012,1.36359,1.36381,1.12,1.10
2016.08.30 23:48:37.163,1.36359,1.36381,1.12,1.57
2016.08.30 23:48:42.950,1.36359,1.36381,1.12,1.10
2016.08.30 23:48:43.084,1.36359,1.36381,1.12,1.10
2016.08.30 23:48:52.387,1.36359,1.36381,1.12,1.57
2016.08.30 23:48:52.453,1.36359,1.36381,1.12,1.10
2016.08.30 23:48:52.604,1.36359,1.36381,1.12,1.10
2016.08.30 23:48:55.087,1.36361,1.36381,1.00,1.10
2016.08.30 23:49:05.487,1.36361,1.36381,1.00,1.10
2016.08.30 23:49:06.245,1.36361,1.36381,1.00,1.57
2016.08.30 23:49:07.042,1.36361,1.36381,1.00,1.10
2016.08.30 23:49:08.416,1.36361,1.3638,1.00,1.00
2016.08.30 23:49:08.618,1.36361,1.36379,1.00,1.00
2016.08.30 23:49:10.108,1.3636,1.36379,1.10,1.00
2016.08.30 23:49:28.417,1.3636,1.36379,1.12,1.00
2016.08.30 23:49:28.468,1.36362,1.36382,1.00,1.10
2016.08.30 23:49:28.518,1.36362,1.36382,1.10,1.00
2016.08.30 23:49:30.856,1.36362,1.36382,1.10,2.25
2016.08.30 23:49:31.590,1.36362,1.36382,1.10,1.50
2016.08.30 23:49:31.790,1.36362,1.36382,1.10,1.50
2016.08.30 23:49:36.349,1.36362,1.36381,1.10,1.00
2016.08.30 23:49:36.971,1.36362,1.36382,1.10,1.00
2016.08.30 23:49:37.122,1.36362,1.36381,1.00,1.12
2016.08.30 23:49:40.158,1.36363,1.36381,1.00,1.12
2016.08.30 23:49:44.295,1.36363,1.36381,1.00,1.87
2016.08.30 23:49:44.396,1.36359,1.3638,1.50,1.10
2016.08.30 23:49:44.447,1.36359,1.3638,1.12,1.12
2016.08.30 23:49:44.732,1.36359,1.36378,1.12,1.00
2016.08.30 23:49:44.987,1.36357,1.36377,1.75,1.50
2016.08.30 23:49:45.054,1.36357,1.36377,1.10,1.50
2016.08.30 23:49:45.104,1.36357,1.36377,1.10,1.00
2016.08.30 23:49:45.594,1.36357,1.36376,1.10,1.50
2016.08.30 23:49:45.645,1.36357,1.36376,1.10,1.00
2016.08.30 23:49:45.696,1.36357,1.36376,1.10,1.00
2016.08.30 23:49:45.797,1.36357,1.36377,1.10,1.50
2016.08.30 23:49:45.899,1.36357,1.36377,1.10,1.00
2016.08.30 23:49:46.015,1.36357,1.36377,1.00,1.00
2016.08.30 23:49:46.066,1.36357,1.36377,1.00,1.50
2016.08.30 23:49:46.117,1.36357,1.36377,1.00,1.50
2016.08.30 23:49:46.167,1.36357,1.36377,1.00,1.00
2016.08.30 23:49:46.218,1.36357,1.36377,1.12,1.00
2016.08.30 23:49:47.386,1.36357,1.36377,1.12,1.00
2016.08.30 23:49:48.403,1.36357,1.36377,1.00,1.00
2016.08.30 23:49:48.628,1.36357,1.36377,1.10,1.00
2016.08.30 23:49:48.679,1.36357,1.36377,1.10,1.50
2016.08.30 23:49:48.730,1.36357,1.36376,1.10,1.00
2016.08.30 23:49:48.781,1.36357,1.36376,1.00,1.00
2016.08.30 23:49:48.984,1.36355,1.36377,1.10,1.50
2016.08.30 23:49:49.085,1.36355,1.36377,1.87,2.25
2016.08.30 23:49:49.210,1.36355,1.36376,1.10,1.00
2016.08.30 23:49:49.412,1.36355,1.36377,1.10,1.50
2016.08.30 23:49:49.881,1.36355,1.36375,1.10,1.00
2016.08.30 23:49:49.982,1.36358,1.36376,1.00,1.00
2016.08.30 23:49:55.193,1.36357,1.36376,1.00,1.00
2016.08.30 23:49:58.693,1.36357,1.36372,1.00,1.00
2016.08.30 23:49:58.744,1.36357,1.36372,1.00,1.00
2016.08.30 23:49:58.795,1.36352,1.36371,1.12,1.00
2016.08.30 23:49:58.846,1.36352,1.36371,1.12,1.00
2016.08.30 23:49:58.897,1.36351,1.36366,1.10,1.00
2016.08.30 23:49:58.947,1.36351,1.36366,1.10,1.00
2016.08.30 23:49:58.998,1.36349,1.36366,1.10,1.00
2016.08.30 23:49:59.201,1.36347,1.36366,1.10,1.00
2016.08.30 23:50:00.262,1.36347,1.36365,1.10,1.00
2016.08.30 23:50:02.198,1.36347,1.36364,1.10,1.00
2016.08.30 23:50:03.323,1.36347,1.36365,1.10,1.00
2016.08.30 23:50:03.425,1.3635,1.36365,1.00,1.00
2016.08.30 23:50:03.526,1.3635,1.36366,1.00,1.50
2016.08.30 23:50:07.986,1.3635,1.36366,1.00,1.00
2016.08.30 23:50:08.585,1.3635,1.36367,1.00,1.00
2016.08.30 23:50:10.710,1.3635,1.36367,1.00,1.50
2016.08.30 23:50:12.802,1.3635,1.36367,1.00,1.00
2016.08.30 23:50:13.046,1.3635,1.36368,1.00,1.00
2016.08.30 23:50:14.604,1.3635,1.36369,1.00,1.50
2016.08.30 23:50:26.475,1.3635,1.36369,1.00,1.00
2016.08.30 23:50:26.526,1.36353,1.36372,1.00,1.00
2016.08.30 23:50:26.577,1.36353,1.36372,1.00,1.00
2016.08.30 23:50:26.678,1.36354,1.36374,1.00,1.50
2016.08.30 23:50:26.729,1.36354,1.36374,1.00,1.00
2016.08.30 23:50:28.576,1.36354,1.36374,1.00,1.00
2016.08.30 23:50:28.919,1.36354,1.36372,1.00,1.00
2016.08.30 23:50:29.021,1.36354,1.36369,1.00,1.00
2016.08.30 23:50:29.071,1.3635,1.36369,1.12,1.00
2016.08.30 23:50:29.122,1.3635,1.36369,1.00,1.00
2016.08.30 23:50:29.173,1.36348,1.36369,1.00,1.00
2016.08.30 23:50:29.223,1.36348,1.36366,1.00,1.00
2016.08.30 23:50:39.259,1.36348,1.36366,1.00,1.50
2016.08.30 23:50:41.728,1.36348,1.36366,1.00,1.00
2016.08.30 23:50:41.779,1.3635,1.3637,1.00,1.00
2016.08.30 23:50:41.829,1.3635,1.36371,1.00,1.00
2016.08.30 23:50:41.880,1.36351,1.36371,1.10,1.00
2016.08.30 23:50:41.931,1.36351,1.36371,1.10,1.00
2016.08.30 23:50:41.982,1.36351,1.36369,1.00,1.00
2016.08.30 23:50:42.527,1.3635,1.36368,1.00,1.00
2016.08.30 23:50:51.724,1.3635,1.36368,1.00,1.00
2016.08.30 23:50:51.774,1.3635,1.36371,1.00,1.00
2016.08.30 23:50:51.825,1.3635,1.36371,1.00,1.00
2016.08.30 23:50:51.937,1.36352,1.36374,1.00,3.00
2016.08.30 23:50:52.039,1.36352,1.36374,1.00,2.25
2016.08.30 23:50:52.089,1.36355,1.36374,1.00,1.00
2016.08.30 23:50:59.324,1.36355,1.36372,1.00,1.00
2016.08.30 23:50:59.526,1.36352,1.3637,1.00,1.00
2016.08.30 23:50:59.577,1.36352,1.36368,1.00,1.00
2016.08.30 23:51:06.988,1.3635,1.36368,1.00,1.00
2016.08.30 23:51:14.125,1.3635,1.36367,1.00,1.00
2016.08.30 23:51:14.226,1.36348,1.36367,1.00,1.50
2016.08.30 23:51:14.390,1.36348,1.36366,1.00,1.00
2016.08.30 23:51:14.670,1.36348,1.36366,1.00,1.00
2016.08.30 23:51:14.721,1.3635,1.3637,1.00,1.00
2016.08.30 23:51:14.772,1.3635,1.3637,1.10,1.00
2016.08.30 23:51:14.823,1.36353,1.36373,1.00,1.00
2016.08.30 23:51:14.975,1.36353,1.36371,1.00,1.00
2016.08.30 23:51:15.076,1.36353,1.36371,1.00,1.00
2016.08.30 23:51:15.127,1.36353,1.36371,1.00,1.50
2016.08.30 23:51:15.228,1.36353,1.36369,1.00,1.00
2016.08.30 23:51:15.279,1.36353,1.36369,1.00,1.50
2016.08.30 23:51:18.603,1.3635,1.36369,1.00,1.50
2016.08.30 23:51:32.170,1.3635,1.36367,1.00,1.00
2016.08.30 23:51:32.231,1.36349,1.36367,1.00,1.00
2016.08.30 23:52:02.951,1.36349,1.36368,1.00,1.50
2016.08.30 23:52:03.281,1.36346,1.36368,1.50,2.25
2016.08.30 23:52:03.501,1.36346,1.36367,1.10,1.00
2016.08.30 23:52:04.408,1.36346,1.36366,1.10,1.00
2016.08.30 23:52:05.171,1.36346,1.36366,1.10,1.50
2016.08.30 23:52:05.386,1.36344,1.36366,1.50,2.25
2016.08.30 23:52:05.487,1.36344,1.36366,1.50,2.25
2016.08.30 23:52:07.935,1.36347,1.36366,1.10,1.50
2016.08.30 23:52:07.985,1.36347,1.36365,1.10,1.00
2016.08.30 23:52:13.094,1.36347,1.36365,1.10,1.50
2016.08.30 23:52:13.505,1.36347,1.36365,1.00,1.50
2016.08.30 23:52:21.921,1.36347,1.36364,1.00,1.00
2016.08.30 23:52:22.124,1.36347,1.36364,1.00,1.50
2016.08.30 23:52:31.850,1.36345,1.3636,1.12,1.00
2016.08.30 23:52:31.951,1.36342,1.36358,1.12,1.50
2016.08.30 23:52:32.002,1.36339,1.36355,1.00,1.00
2016.08.30 23:52:32.053,1.36334,1.36349,1.87,1.00
2016.08.30 23:52:32.104,1.36334,1.36349,1.00,1.00
2016.08.30 23:52:32.154,1.36334,1.36347,1.00,1.00
2016.08.30 23:52:32.256,1.36328,1.36346,1.00,1.00
2016.08.30 23:52:32.306,1.36328,1.36346,1.00,1.50
2016.08.30 23:52:32.357,1.36328,1.36346,1.00,1.50
2016.08.30 23:52:32.458,1.36325,1.36345,1.00,1.50
2016.08.30 23:52:33.153,1.36325,1.36345,1.00,2.25
2016.08.30 23:52:33.203,1.36325,1.36345,1.00,2.25
2016.08.30 23:52:33.254,1.36323,1.36342,1.10,1.00
2016.08.30 23:52:33.355,1.36323,1.36342,1.10,1.10
2016.08.30 23:52:33.406,1.36323,1.36341,1.10,1.00
2016.08.30 23:52:33.457,1.36323,1.36341,1.00,1.57
2016.08.30 23:52:33.760,1.36323,1.36341,1.00,1.10
2016.08.30 23:52:33.861,1.36323,1.36342,1.00,1.12
2016.08.30 23:52:34.497,1.36323,1.36341,1.00,1.10
2016.08.30 23:52:34.700,1.36323,1.36342,1.00,1.12
2016.08.30 23:52:44.368,1.36323,1.36343,1.00,2.25
2016.08.30 23:52:44.469,1.36323,1.36342,1.00,1.12
2016.08.30 23:52:44.674,1.36323,1.36343,1.00,2.25
2016.08.30 23:52:46.580,1.36323,1.36343,1.10,1.12
2016.08.30 23:52:47.136,1.36323,1.36341,1.10,1.00
2016.08.30 23:52:47.238,1.36323,1.3634,1.10,1.00
2016.08.30 23:52:48.279,1.36323,1.36339,1.10,1.00
2016.08.30 23:52:48.547,1.36323,1.3634,1.00,1.00
2016.08.30 23:52:48.791,1.36324,1.3634,1.00,1.00
2016.08.30 23:52:49.418,1.3632,1.3634,1.50,1.00
2016.08.30 23:52:50.078,1.3632,1.3634,1.10,1.00
2016.08.30 23:52:50.179,1.3632,1.3634,1.10,1.00
2016.08.30 23:52:50.979,1.3632,1.36338,1.10,1.00
2016.08.30 23:52:51.443,1.3632,1.3634,1.10,1.00
2016.08.30 23:52:51.545,1.3632,1.36341,1.10,1.50
2016.08.30 23:52:57.147,1.3632,1.36341,1.12,1.12
2016.08.30 23:52:57.249,1.3632,1.36342,1.12,1.50
2016.08.30 23:52:57.704,1.3632,1.36342,1.12,1.10
2016.08.30 23:53:00.383,1.3632,1.36342,1.12,1.57
2016.08.30 23:53:00.453,1.3632,1.36342,1.12,1.10
2016.08.30 23:53:00.610,1.3632,1.36342,1.12,1.10
2016.08.30 23:53:03.799,1.36321,1.36343,1.10,1.12
2016.08.30 23:53:07.164,1.36321,1.36343,1.75,1.10
2016.08.30 23:53:09.401,1.36323,1.36343,1.12,1.10
2016.08.30 23:53:12.594,1.36323,1.36343,1.12,1.10
2016.08.30 23:53:13.424,1.36323,1.36343,1.12,1.00
2016.08.30 23:53:25.698,1.36323,1.36343,1.12,1.00
2016.08.30 23:53:25.748,1.36323,1.36343,1.10,1.00
2016.08.30 23:53:25.799,1.36323,1.36342,1.10,1.00
2016.08.30 23:53:25.900,1.36323,1.36343,1.10,1.50
2016.08.30 23:53:25.951,1.36323,1.36343,1.00,1.57
2016.08.30 23:53:26.097,1.36323,1.36342,1.00,1.00
2016.08.30 23:53:26.148,1.36322,1.36342,1.10,1.50
2016.08.30 23:53:27.100,1.36322,1.36341,1.10,1.00
2016.08.30 23:53:28.678,1.36322,1.36341,1.00,1.10
2016.08.30 23:53:29.749,1.36321,1.36341,1.00,1.57
2016.08.30 23:53:29.800,1.36318,1.36336,1.50,1.00
2016.08.30 23:53:29.851,1.36316,1.36336,1.75,1.50
2016.08.30 23:53:29.902,1.36316,1.36335,1.10,1.00
2016.08.30 23:53:30.003,1.36316,1.36335,1.00,1.00
2016.08.30 23:53:31.061,1.36314,1.36334,1.12,1.00
2016.08.30 23:53:31.113,1.36314,1.36332,1.00,1.00
2016.08.30 23:53:31.214,1.36314,1.36332,1.00,1.00
2016.08.30 23:53:33.218,1.36314,1.36333,1.00,1.10
2016.08.30 23:53:33.646,1.36314,1.36332,1.00,1.00
2016.08.30 23:53:33.860,1.36312,1.36332,1.10,1.50
2016.08.30 23:53:34.064,1.36312,1.36332,1.10,1.87
2016.08.30 23:53:37.150,1.36312,1.36331,1.00,1.12
2016.08.30 23:53:37.865,1.36309,1.36331,1.50,1.87
2016.08.30 23:53:37.916,1.36309,1.3633,1.50,1.10
2016.08.30 23:53:38.105,1.36309,1.36329,1.50,1.00
2016.08.30 23:53:38.156,1.36309,1.36329,1.12,1.10
2016.08.30 23:53:39.010,1.36309,1.36328,1.12,1.00
2016.08.30 23:53:40.669,1.36308,1.36328,2.25,1.00
2016.08.30 23:53:41.144,1.36308,1.36328,1.50,1.00
2016.08.30 23:53:42.090,1.36308,1.36328,1.00,1.00
2016.08.30 23:53:42.141,1.36308,1.36328,1.00,1.00
2016.08.30 23:53:42.191,1.36308,1.36328,1.00,1.50
2016.08.30 23:53:43.047,1.36308,1.36328,1.00,1.50
2016.08.30 23:53:43.516,1.36308,1.36328,1.00,1.00
2016.08.30 23:53:45.757,1.36308,1.36328,1.10,1.00
2016.08.30 23:53:53.323,1.36308,1.36328,1.57,1.00
2016.08.30 23:53:53.424,1.36308,1.36328,1.10,1.00
2016.08.30 23:53:55.705,1.36309,1.36329,1.00,1.00
2016.08.30 23:54:01.733,1.36309,1.36328,1.00,1.00
2016.08.30 23:54:04.436,1.36309,1.36329,1.00,1.00
2016.08.30 23:54:05.840,1.36309,1.36329,1.00,1.00
2016.08.30 23:54:06.263,1.36309,1.36329,1.00,1.50
2016.08.30 23:54:07.543,1.36309,1.36329,1.00,1.50
2016.08.30 23:54:11.376,1.36309,1.36327,1.00,1.00
2016.08.30 23:54:12.275,1.36309,1.36328,1.00,1.00
2016.08.30 23:54:12.676,1.36309,1.36329,1.00,1.50
2016.08.30 23:54:17.552,1.36309,1.36328,1.00,1.00
2016.08.30 23:54:18.985,1.36308,1.36328,1.00,1.50
2016.08.30 23:54:21.156,1.36308,1.36328,1.00,1.00
2016.08.30 23:54:25.563,1.36308,1.36328,1.10,1.50
2016.08.30 23:54:25.798,1.36309,1.36328,1.00,1.00
2016.08.30 23:54:26.463,1.36309,1.36329,1.00,1.00
2016.08.30 23:54:26.572,1.36309,1.36329,1.00,1.00
2016.08.30 23:54:26.673,1.36309,1.36331,1.00,1.12
2016.08.30 23:54:26.775,1.36311,1.36333,1.00,2.25
2016.08.30 23:54:26.876,1.36311,1.36333,1.10,2.25
2016.08.30 23:54:29.988,1.36311,1.36333,1.12,1.50
2016.08.30 23:54:30.191,1.36313,1.36334,1.00,1.75
2016.08.30 23:54:30.242,1.36313,1.36334,1.00,1.75
2016.08.30 23:54:30.292,1.36313,1.36335,1.00,2.25
2016.08.30 23:54:30.343,1.36313,1.36335,1.50,2.25
2016.08.30 23:54:30.394,1.36316,1.36338,1.00,1.75
2016.08.30 23:54:30.595,1.36316,1.36338,1.12,1.10
2016.08.30 23:54:30.665,1.36316,1.36338,1.75,1.10
2016.08.30 23:54:31.301,1.36318,1.3634,1.12,1.50
2016.08.30 23:54:31.506,1.36318,1.3634,1.50,1.87
2016.08.30 23:54:32.402,1.36318,1.3634,1.50,1.87
2016.08.30 23:54:32.504,1.36318,1.3634,1.50,1.12
2016.08.30 23:54:32.605,1.36318,1.3634,1.75,1.10
2016.08.30 23:54:33.970,1.3632,1.3634,1.12,1.10
2016.08.30 23:54:36.691,1.3632,1.3634,1.12,1.10
2016.08.30 23:54:36.793,1.36322,1.36342,1.00,1.50
2016.08.30 23:54:36.894,1.36322,1.36342,1.00,1.10
2016.08.30 23:54:36.995,1.36322,1.36342,1.10,1.00
2016.08.30 23:54:37.147,1.36322,1.36342,1.50,1.00
2016.08.30 23:54:38.210,1.36324,1.36344,1.10,1.12
2016.08.30 23:54:41.601,1.36324,1.36344,1.10,1.87
2016.08.30 23:54:41.798,1.36324,1.36344,1.10,1.12
2016.08.30 23:54:44.305,1.36324,1.36343,1.10,1.10
2016.08.30 23:54:45.368,1.36324,1.36343,1.00,1.12
2016.08.30 23:54:45.418,1.36324,1.36341,1.00,1.00
2016.08.30 23:54:45.908,1.36322,1.36341,1.00,1.00
2016.08.30 23:54:46.009,1.36322,1.3634,1.00,1.00
2016.08.30 23:54:47.190,1.36322,1.36341,1.00,1.00
2016.08.30 23:54:47.432,1.36322,1.36342,1.00,1.57
2016.08.30 23:54:47.585,1.36322,1.36342,1.00,2.25
2016.08.30 23:54:47.636,1.36322,1.36339,1.00,1.00
2016.08.30 23:54:48.992,1.3632,1.36339,1.12,1.00
2016.08.30 23:54:50.926,1.36319,1.36339,1.50,1.50
2016.08.30 23:54:50.977,1.36319,1.36339,1.00,2.25
2016.08.30 23:54:51.028,1.36318,1.36337,1.10,1.10
2016.08.30 23:54:51.130,1.36314,1.36335,1.75,1.00
2016.08.30 23:54:51.231,1.36313,1.36333,1.50,1.00
2016.08.30 23:54:51.392,1.36313,1.36331,1.50,1.00
2016.08.30 23:54:51.443,1.36313,1.36331,1.00,1.10
2016.08.30 23:54:51.545,1.36313,1.3633,1.00,1.00
2016.08.30 23:54:51.825,1.36313,1.36329,1.00,1.00
2016.08.30 23:54:51.927,1.3631,1.36329,1.00,1.00
2016.08.30 23:54:52.632,1.3631,1.36329,1.00,1.10
2016.08.30 23:54:53.127,1.3631,1.36331,1.00,1.50
2016.08.30 23:54:55.802,1.36308,1.3633,1.12,1.12
2016.08.30 23:55:00.674,1.36308,1.3633,1.12,1.12
2016.08.30 23:55:01.919,1.36308,1.3633,1.12,1.12
2016.08.30 23:55:03.555,1.3631,1.36332,1.00,1.75
2016.08.30 23:55:03.656,1.3631,1.36331,1.00,1.50
2016.08.30 23:55:06.764,1.3631,1.36329,1.00,1.10
2016.08.30 23:55:10.826,1.36309,1.36329,1.10,1.10
2016.08.30 23:55:12.276,1.36309,1.36331,1.10,1.50
2016.08.30 23:55:13.128,1.36309,1.3633,1.10,1.12
2016.08.30 23:55:13.179,1.36309,1.36329,1.10,1.10
2016.08.30 23:55:13.230,1.36309,1.36327,1.10,1.00
2016.08.30 23:55:13.332,1.36309,1.36327,1.00,1.00
2016.08.30 23:55:13.428,1.36309,1.36329,1.00,1.00
2016.08.30 23:55:13.729,1.36309,1.36329,1.00,1.50
2016.08.30 23:55:16.840,1.36309,1.36328,1.00,1.00
2016.08.30 23:55:21.179,1.36309,1.36329,1.00,1.00
2016.08.30 23:55:22.441,1.36309,1.36329,1.12,1.10
2016.08.30 23:55:25.867,1.3631,1.3633,1.10,1.12
2016.08.30 23:55:39.259,1.3631,1.36332,1.10,2.62
2016.08.30 23:55:41.663,1.3631,1.3633,1.10,1.12
2016.08.30 23:55:42.026,1.36308,1.3633,1.50,1.87
2016.08.30 23:55:42.157,1.36308,1.3633,1.12,1.87
2016.08.30 23:55:46.973,1.36308,1.3633,1.12,1.12
2016.08.30 23:55:47.218,1.36311,1.36331,1.00,1.50
2016.08.30 23:55:47.388,1.36311,1.36331,1.00,1.10
2016.08.30 23:56:02.129,1.36311,1.36331,1.10,1.00
2016.08.30 23:56:04.113,1.36313,1.36333,1.00,1.12
2016.08.30 23:56:04.366,1.36313,1.36333,1.00,1.10
2016.08.30 23:56:07.134,1.36313,1.36333,1.00,1.57
2016.08.30 23:56:09.927,1.36313,1.36333,1.00,1.10
2016.08.30 23:56:13.849,1.36316,1.36338,1.00,3.00
2016.08.30 23:56:13.899,1.36316,1.36338,1.10,2.62
2016.08.30 23:56:13.986,1.36318,1.36338,1.00,1.12
2016.08.30 23:56:14.037,1.36319,1.36344,1.87,1.75
2016.08.30 23:56:14.088,1.36319,1.36344,1.87,1.75
2016.08.30 23:56:14.139,1.36322,1.36347,1.12,2.25
2016.08.30 23:56:14.240,1.36324,1.36346,1.37,1.00
2016.08.30 23:56:14.344,1.36324,1.36348,1.12,1.10
2016.08.30 23:56:14.998,1.36324,1.36348,1.12,1.10
2016.08.30 23:56:15.048,1.36326,1.36348,1.50,1.10
2016.08.30 23:56:15.150,1.36326,1.36348,2.62,1.00
2016.08.30 23:56:15.306,1.36327,1.36348,1.12,1.00
2016.08.30 23:56:15.357,1.36327,1.36348,1.87,1.00
2016.08.30 23:56:15.458,1.36328,1.3635,1.75,2.25
2016.08.30 23:56:15.509,1.36328,1.36349,1.75,1.00
2016.08.30 23:56:15.560,1.36328,1.36349,1.12,1.00
2016.08.30 23:56:15.661,1.36328,1.36349,1.75,1.00
2016.08.30 23:56:15.712,1.36329,1.3635,1.87,2.25
2016.08.30 23:56:16.747,1.36329,1.3635,1.37,1.00
2016.08.30 23:56:16.798,1.36329,1.3635,1.37,1.00
2016.08.30 23:56:16.849,1.3633,1.36352,2.25,1.50
2016.08.30 23:56:16.899,1.36331,1.36352,1.37,1.50
2016.08.30 23:56:16.950,1.36334,1.36354,1.00,1.57
2016.08.30 23:56:17.001,1.36334,1.36354,1.12,1.57
2016.08.30 23:56:17.052,1.36335,1.36357,1.10,1.75
2016.08.30 23:56:17.102,1.36335,1.36357,1.12,1.00
2016.08.30 23:56:17.321,1.36335,1.36357,1.12,1.00
2016.08.30 23:56:19.131,1.36337,1.36357,1.00,1.00
2016.08.30 23:56:19.232,1.36336,1.36358,1.10,1.00
2016.08.30 23:56:19.457,1.36336,1.36356,1.10,1.00
2016.08.30 23:56:19.661,1.36336,1.36357,1.10,1.00
2016.08.30 23:56:19.762,1.36336,1.36355,1.10,1.00
2016.08.30 23:56:22.858,1.36334,1.36356,1.50,1.00
2016.08.30 23:56:31.310,1.36334,1.36356,1.12,1.00
2016.08.30 23:56:32.314,1.36334,1.36356,1.12,1.10
2016.08.30 23:56:32.364,1.36333,1.36353,1.37,1.00
2016.08.30 23:56:32.466,1.36332,1.36353,1.12,1.00
2016.08.30 23:56:32.977,1.36332,1.36353,1.12,1.00
2016.08.30 23:56:33.502,1.36332,1.36353,1.12,1.00
2016.08.30 23:56:35.599,1.36332,1.36353,1.12,1.00
2016.08.30 23:56:35.741,1.36333,1.36355,2.25,1.00
2016.08.30 23:56:35.792,1.36335,1.36357,1.10,1.00
2016.08.30 23:56:35.913,1.36335,1.36357,1.10,1.00
2016.08.30 23:56:36.973,1.36338,1.36361,1.00,1.87
2016.08.30 23:56:37.024,1.36338,1.36361,1.00,1.87
2016.08.30 23:56:38.013,1.36338,1.36361,1.00,1.87
2016.08.30 23:56:38.115,1.36338,1.36361,1.10,1.87
2016.08.30 23:56:38.165,1.36338,1.36361,1.57,1.12
2016.08.30 23:56:38.216,1.36338,1.36361,1.50,1.00
2016.08.30 23:56:38.368,1.36339,1.36361,1.12,1.00
2016.08.30 23:56:39.270,1.36341,1.36362,1.00,1.10
2016.08.30 23:56:39.477,1.36342,1.36362,1.00,1.10
2016.08.30 23:56:39.528,1.36342,1.36362,1.00,1.10
2016.08.30 23:56:39.579,1.36341,1.36362,1.00,1.00
2016.08.30 23:56:40.987,1.36342,1.36364,1.00,1.00
2016.08.30 23:56:42.080,1.36339,1.36364,1.57,1.00
2016.08.30 23:56:42.130,1.36339,1.36364,1.57,1.00
2016.08.30 23:56:42.181,1.36345,1.36365,1.00,1.87
2016.08.30 23:56:42.232,1.36345,1.36365,1.00,1.87
2016.08.30 23:56:42.283,1.36345,1.36365,1.10,1.00
2016.08.30 23:56:42.435,1.36345,1.36365,1.12,1.00
2016.08.30 23:56:42.637,1.36345,1.36365,1.75,1.00
2016.08.30 23:56:48.822,1.36345,1.36365,1.50,1.00
2016.08.30 23:56:55.512,1.36345,1.36365,1.00,1.50
2016.08.30 23:56:55.765,1.36345,1.36364,1.00,1.12
2016.08.30 23:56:55.866,1.36345,1.36364,1.00,1.12
2016.08.30 23:56:55.980,1.36343,1.36364,1.00,1.12
2016.08.30 23:56:57.668,1.36343,1.36365,1.00,1.50
2016.08.30 23:56:57.781,1.36342,1.36363,1.10,1.10
2016.08.30 23:56:58.940,1.36342,1.36363,1.10,1.10
2016.08.30 23:56:58.991,1.36339,1.36361,1.75,1.00
2016.08.30 23:56:59.042,1.36339,1.36361,1.50,1.12
2016.08.30 23:56:59.092,1.36339,1.36359,1.50,1.00
2016.08.30 23:56:59.143,1.36339,1.36359,1.10,1.00
2016.08.30 23:56:59.194,1.36337,1.36359,1.50,1.50
2016.08.30 23:56:59.281,1.36337,1.36359,1.50,1.87
2016.08.30 23:56:59.332,1.36337,1.36357,1.50,1.00
2016.08.30 23:56:59.488,1.36337,1.36357,1.10,1.12
2016.08.30 23:57:04.289,1.36335,1.36357,1.50,1.12
2016.08.30 23:57:11.366,1.36335,1.36357,1.50,1.12
2016.08.30 23:57:11.417,1.36333,1.36355,1.75,1.00
2016.08.30 23:57:11.518,1.36333,1.36355,1.75,1.12
2016.08.30 23:57:11.582,1.36333,1.36354,1.12,1.12
2016.08.30 23:57:11.684,1.36333,1.36354,1.00,1.12
2016.08.30 23:57:11.735,1.36332,1.36352,1.00,1.00
2016.08.30 23:57:11.786,1.36332,1.36352,1.00,1.57
2016.08.30 23:57:11.888,1.36332,1.36352,1.00,1.87
2016.08.30 23:57:12.808,1.36328,1.3635,1.57,1.00
2016.08.30 23:57:12.909,1.36328,1.36349,1.10,1.00
2016.08.30 23:57:13.010,1.36328,1.36349,1.12,1.10
2016.08.30 23:57:15.988,1.36328,1.36349,1.00,1.00
2016.08.30 23:57:18.584,1.36328,1.3635,1.00,1.57
2016.08.30 23:57:19.320,1.36326,1.36348,1.87,1.00
2016.08.30 23:57:21.596,1.36326,1.36348,1.50,1.12
2016.08.30 23:57:21.667,1.36326,1.36348,1.12,1.50
2016.08.30 23:57:26.134,1.36326,1.36346,1.12,1.10
2016.08.30 23:57:26.398,1.36326,1.36346,1.10,1.12
2016.08.30 23:57:28.361,1.36325,1.36345,1.12,1.10
2016.08.30 23:57:28.513,1.36325,1.36345,1.10,1.12
2016.08.30 23:57:28.617,1.36325,1.36345,1.00,1.50
2016.08.30 23:57:28.667,1.36322,1.36344,2.25,1.12
2016.08.30 23:57:28.718,1.36322,1.36344,1.50,1.12
2016.08.30 23:57:28.819,1.36322,1.36342,1.50,1.00
2016.08.30 23:57:28.921,1.36322,1.36341,1.50,1.00
2016.08.30 23:57:28.972,1.36322,1.36341,1.10,1.10
2016.08.30 23:57:33.004,1.36322,1.36344,1.10,2.25
2016.08.30 23:57:34.353,1.36322,1.36342,1.10,1.12
2016.08.30 23:57:36.579,1.3632,1.36342,1.50,1.12
2016.08.30 23:57:37.011,1.3632,1.36342,2.25,1.87
2016.08.30 23:57:37.112,1.3632,1.36342,1.50,1.12
2016.08.30 23:57:39.327,1.3632,1.36342,1.50,1.87
2016.08.30 23:57:39.428,1.3632,1.36342,2.25,1.12
2016.08.30 23:57:39.530,1.3632,1.36342,1.57,1.12
2016.08.30 23:57:40.490,1.36327,1.36343,1.00,2.25
2016.08.30 23:57:40.541,1.36327,1.36343,1.00,1.50
2016.08.30 23:57:40.591,1.36327,1.36343,1.00,1.12
2016.08.30 23:57:41.165,1.36327,1.36344,1.00,3.00
2016.08.30 23:57:41.793,1.36327,1.36344,1.00,3.00
2016.08.30 23:57:41.894,1.36327,1.36344,1.00,3.00
2016.08.30 23:57:42.421,1.36327,1.36344,1.00,2.25
2016.08.30 23:57:42.608,1.36327,1.36344,1.00,1.57
2016.08.30 23:57:45.401,1.36327,1.36344,1.00,1.57
2016.08.30 23:57:45.452,1.36327,1.36343,1.00,1.00
2016.08.30 23:57:45.603,1.36327,1.36343,1.00,1.10
2016.08.30 23:57:45.720,1.36327,1.36343,1.00,1.57
2016.08.30 23:57:45.823,1.36327,1.36343,1.00,1.57
2016.08.30 23:57:45.890,1.36327,1.36343,1.00,2.32
2016.08.30 23:57:46.772,1.36327,1.36342,1.00,1.00
2016.08.30 23:57:46.823,1.36327,1.36342,1.00,1.00
2016.08.30 23:57:47.343,1.36327,1.36343,1.00,1.10
2016.08.30 23:57:50.864,1.36327,1.36342,1.00,1.00
2016.08.30 23:57:55.963,1.36327,1.36344,1.00,2.62
2016.08.30 23:58:04.180,1.36327,1.36343,1.00,1.10
2016.08.30 23:58:04.281,1.36327,1.36343,1.00,1.50
2016.08.30 23:58:05.397,1.36326,1.36343,1.00,1.50
2016.08.30 23:58:05.448,1.36326,1.3634,1.00,1.00
2016.08.30 23:58:05.608,1.36322,1.3634,1.10,1.00
2016.08.30 23:58:05.660,1.36322,1.36339,1.10,1.00
2016.08.30 23:58:05.711,1.36322,1.36339,1.00,1.00
2016.08.30 23:58:06.198,1.36322,1.3634,1.00,1.00
2016.08.30 23:58:11.764,1.36322,1.3634,1.00,1.50
2016.08.30 23:58:12.966,1.36322,1.3634,1.00,1.00
2016.08.30 23:58:15.874,1.36322,1.36339,1.00,1.00
2016.08.30 23:58:15.925,1.36322,1.36339,1.00,1.12
2016.08.30 23:58:19.432,1.36322,1.36339,1.00,1.87
2016.08.30 23:58:21.317,1.36322,1.36339,1.00,1.12
2016.08.30 23:58:21.368,1.36325,1.36341,1.00,1.75
2016.08.30 23:58:21.418,1.36325,1.36341,1.00,2.25
2016.08.30 23:58:21.835,1.36325,1.36341,1.00,2.25
2016.08.30 23:58:21.936,1.36325,1.36341,1.00,2.25
2016.08.30 23:58:22.018,1.36325,1.36341,1.00,1.87
2016.08.30 23:58:22.068,1.36325,1.36341,1.00,1.12
2016.08.30 23:58:23.227,1.36325,1.36342,1.00,3.00
2016.08.30 23:58:24.440,1.36325,1.36342,1.00,3.00
2016.08.30 23:58:24.541,1.36325,1.36342,1.00,3.00
2016.08.30 23:58:24.642,1.36325,1.36342,1.00,3.00
2016.08.30 23:58:24.744,1.36325,1.36342,1.00,3.00
2016.08.30 23:58:24.966,1.36325,1.36342,1.00,3.00
2016.08.30 23:58:25.067,1.36325,1.36342,1.00,3.00
2016.08.30 23:58:25.229,1.36325,1.36342,1.00,2.25
2016.08.30 23:58:25.280,1.36325,1.36342,1.00,1.57
2016.08.30 23:58:26.269,1.36325,1.36342,1.00,1.10
2016.08.30 23:58:26.873,1.36326,1.36342,1.00,1.10
2016.08.30 23:58:26.924,1.36326,1.36345,1.00,1.75
2016.08.30 23:58:26.974,1.36329,1.36346,1.00,2.62
2016.08.30 23:58:28.048,1.36329,1.36346,1.00,2.25
2016.08.30 23:58:32.707,1.36329,1.36346,1.00,1.50
2016.08.30 23:58:33.068,1.3633,1.36348,1.00,1.87
2016.08.30 23:58:33.119,1.3633,1.36348,1.00,1.12
2016.08.30 23:58:33.271,1.3633,1.36349,1.00,2.25
2016.08.30 23:58:33.322,1.3633,1.36348,1.00,1.12
2016.08.30 23:58:33.524,1.3633,1.36348,1.00,1.10
2016.08.30 23:58:34.454,1.36329,1.36348,1.00,1.10
2016.08.30 23:58:34.757,1.36329,1.36349,1.00,2.62
2016.08.30 23:58:37.141,1.36329,1.36349,1.00,1.87
2016.08.30 23:58:38.460,1.36333,1.36349,1.00,1.12
2016.08.30 23:58:38.561,1.36334,1.36351,1.00,2.25
2016.08.30 23:58:38.663,1.36335,1.36351,1.00,1.75
2016.08.30 23:58:38.714,1.36335,1.36351,1.00,1.12
2016.08.30 23:58:38.880,1.36339,1.36355,1.00,1.75
2016.08.30 23:58:38.930,1.36339,1.36355,1.00,1.50
2016.08.30 23:58:39.032,1.36339,1.36358,1.00,1.75
2016.08.30 23:58:39.133,1.36339,1.36358,1.00,1.10
2016.08.30 23:58:42.063,1.36339,1.36358,1.00,1.10
2016.08.30 23:58:46.789,1.36339,1.36356,1.00,1.00
2016.08.30 23:58:46.840,1.36339,1.36356,1.00,1.00
2016.08.30 23:58:46.951,1.36339,1.36356,1.00,1.10
2016.08.30 23:58:47.923,1.36339,1.36354,1.00,1.00
2016.08.30 23:58:48.025,1.36339,1.36354,1.00,1.00
2016.08.30 23:58:48.127,1.36339,1.36353,1.00,1.00
2016.08.30 23:58:49.124,1.36339,1.36357,1.00,1.50
2016.08.30 23:58:49.175,1.36339,1.36357,1.00,1.50
2016.08.30 23:58:49.471,1.36339,1.36356,1.00,1.12
2016.08.30 23:58:51.427,1.36339,1.36356,1.00,1.87
2016.08.30 23:58:51.477,1.36335,1.36356,1.12,1.87
2016.08.30 23:58:51.680,1.36335,1.36356,1.00,2.25
2016.08.30 23:58:53.907,1.36337,1.36356,1.00,1.75
2016.08.30 23:58:54.782,1.36337,1.36356,1.00,1.75
2016.08.30 23:58:57.436,1.36337,1.36356,1.00,1.75
2016.08.30 23:58:57.487,1.36337,1.36354,1.00,1.12
2016.08.30 23:58:57.588,1.36337,1.36357,1.00,3.00
2016.08.30 23:58:57.640,1.36339,1.36356,1.00,1.75
2016.08.30 23:58:57.691,1.36339,1.36356,1.00,1.75
2016.08.30 23:58:57.843,1.36336,1.36357,1.10,1.87
2016.08.30 23:58:57.894,1.36336,1.36357,1.10,2.62
2016.08.30 23:58:57.995,1.36336,1.36355,1.10,1.00
2016.08.30 23:58:58.046,1.36336,1.36355,1.00,1.12
2016.08.30 23:58:58.248,1.36336,1.36355,1.00,1.50
2016.08.30 23:59:03.497,1.36336,1.36357,1.00,3.37
2016.08.30 23:59:03.998,1.36336,1.36357,1.00,2.62
2016.08.30 23:59:04.510,1.36335,1.36355,1.00,1.50
2016.08.30 23:59:08.248,1.36335,1.36355,1.00,1.50
2016.08.30 23:59:10.102,1.36335,1.36355,1.00,1.50
2016.08.30 23:59:10.153,1.36338,1.36357,1.00,2.25
2016.08.30 23:59:10.204,1.36338,1.36357,1.00,2.25
2016.08.30 23:59:10.305,1.36338,1.36357,1.00,1.75
2016.08.30 23:59:10.356,1.3634,1.36357,1.00,1.75
2016.08.30 23:59:10.457,1.3634,1.36357,1.00,1.10
2016.08.30 23:59:10.760,1.36341,1.3636,1.00,2.25
2016.08.30 23:59:10.811,1.36341,1.3636,1.00,1.75
2016.08.30 23:59:10.921,1.36341,1.3636,1.00,1.12
2016.08.30 23:59:11.022,1.36341,1.3636,1.50,1.12
2016.08.30 23:59:11.322,1.36343,1.3636,1.00,1.12
2016.08.30 23:59:13.041,1.36343,1.3636,1.00,1.12
2016.08.30 23:59:13.092,1.36343,1.3636,1.00,1.87
2016.08.30 23:59:13.193,1.36343,1.3636,1.00,1.12
2016.08.30 23:59:13.244,1.36343,1.3636,1.00,1.10
2016.08.30 23:59:15.406,1.36343,1.3636,1.00,1.00
2016.08.30 23:59:18.938,1.36344,1.36363,1.00,3.37
2016.08.30 23:59:19.146,1.36344,1.36363,1.00,2.62
2016.08.30 23:59:20.035,1.36344,1.36363,1.00,1.87
2016.08.30 23:59:20.338,1.36344,1.36363,1.00,1.12
2016.08.30 23:59:20.389,1.36344,1.36363,1.00,1.10
2016.08.30 23:59:20.550,1.36344,1.36363,1.00,1.10
2016.08.30 23:59:20.655,1.36347,1.36364,1.00,1.12
2016.08.30 23:59:20.707,1.36347,1.36364,1.00,1.00
2016.08.30 23:59:20.758,1.36347,1.36364,1.00,1.00
2016.08.30 23:59:20.809,1.36347,1.36365,1.00,1.10
2016.08.30 23:59:20.962,1.36347,1.36365,1.00,1.00
2016.08.30 23:59:21.136,1.36347,1.36366,1.00,1.00
2016.08.30 23:59:21.889,1.36347,1.36366,1.00,1.10
2016.08.30 23:59:21.944,1.36349,1.36368,1.50,2.25
2016.08.30 23:59:22.055,1.3635,1.36368,1.00,1.50
2016.08.30 23:59:25.649,1.3635,1.36368,1.00,1.50
2016.08.30 23:59:25.809,1.36349,1.36368,1.50,1.10
2016.08.30 23:59:25.860,1.36349,1.36368,1.50,1.57
2016.08.30 23:59:25.916,1.36349,1.36368,1.50,1.10
2016.08.30 23:59:26.026,1.36349,1.36368,1.00,1.10
2016.08.30 23:59:26.142,1.36349,1.36368,1.00,1.10
2016.08.30 23:59:26.395,1.3635,1.36369,1.00,1.87
2016.08.30 23:59:28.165,1.3635,1.36369,1.00,1.87
2016.08.30 23:59:34.538,1.3635,1.36369,1.00,1.87
2016.08.30 23:59:37.089,1.3635,1.36369,1.00,1.87
2016.08.30 23:59:41.399,1.3635,1.36367,1.00,1.00
2016.08.30 23:59:44.507,1.3635,1.36367,1.00,1.10
2016.08.30 23:59:49.258,1.3635,1.36367,1.50,1.10
2016.08.30 23:59:49.309,1.3635,1.36367,1.50,1.00
2016.08.30 23:59:49.360,1.36352,1.36367,1.00,1.00
2016.08.30 23:59:49.625,1.36352,1.36368,1.00,1.10
2016.08.30 23:59:50.367,1.36353,1.36368,1.00,1.10
2016.08.30 23:59:50.418,1.36353,1.3637,1.00,1.12
2016.08.30 23:59:50.955,1.36353,1.3637,1.00,1.00
2016.08.30 23:59:52.662,1.36351,1.3637,1.10,1.00
2016.08.30 23:59:52.763,1.36351,1.3637,1.00,1.12
2016.08.30 23:59:54.372,1.36351,1.3637,1.00,1.12
2016.08.30 23:59:54.474,1.36351,1.3637,1.00,1.12
2016.08.30 23:59:54.525,1.36353,1.36371,1.00,1.50
2016.08.30 23:59:54.575,1.36353,1.3637,1.00,1.12
2016.08.30 23:59:54.692,1.3635,1.36369,1.00,1.57
2016.08.30 23:59:56.876,1.3635,1.36369,1.00,1.57
2016.08.30 23:59:56.978,1.3635,1.36369,1.00,2.32
2016.08.30 23:59:57.029,1.3635,1.36369,1.00,3.00
2016.08.30 23:59:57.080,1.3635,1.36368,1.00,1.12
2016.08.30 23:59:57.181,1.3635,1.36368,1.00,1.12
2016.08.30 23:59:57.354,1.3635,1.36368,1.00,1.87
2016.08.30 23:59:57.679,1.3635,1.36368,1.00,1.87
2016.08.30 23:59:57.781,1.3635,1.36368,1.00,1.87
2016.08.30 23:59:58.920,1.3635,1.36368,1.00,1.75
2016.08.30 23:59:58.971,1.3635,1.36367,1.00,1.50
2016.08.30 23:59:59.021,1.36348,1.36365,1.00,1.12
2016.08.30 23:59:59.072,1.36348,1.36364,1.00,1.10
2016.08.30 23:59:59.123,1.36348,1.36364,1.00,1.75
