2018.01.30 13:00:00.119,1.31033,1.3105,1.00,1.20
2018.01.30 13:00:00.222,1.31033,1.31049,1.00,2.32
2018.01.30 13:00:00.375,1.3103,1.31048,1.50,1.20
2018.01.30 13:00:00.909,1.3103,1.31048,1.50,2.32
2018.01.30 13:00:01.163,1.31034,1.31048,1.00,1.45
2018.01.30 13:00:01.266,1.31034,1.31049,1.00,2.32
2018.01.30 13:00:01.805,1.31035,1.31049,1.00,1.45
2018.01.30 13:00:07.325,1.31035,1.31052,1.25,3.45
2018.01.30 13:00:08.572,1.31035,1.31052,1.00,2.32
2018.01.30 13:00:09.325,1.31035,1.31052,1.00,3.07
2018.01.30 13:00:11.358,1.31035,1.31052,1.69,1.95
2018.01.30 13:00:11.556,1.31035,1.31052,1.69,1.20
2018.01.30 13:00:12.210,1.31037,1.31053,1.00,1.57
2018.01.30 13:00:12.731,1.31038,1.31054,1.00,1.95
2018.01.30 13:00:14.087,1.31038,1.31054,1.50,1.20
2018.01.30 13:00:15.313,1.31038,1.31054,1.69,1.20
2018.01.30 13:00:16.244,1.31038,1.31054,1.69,1.20
2018.01.30 13:00:20.066,1.31039,1.31055,1.00,1.45
2018.01.30 13:00:20.630,1.31039,1.31056,1.25,1.57
2018.01.30 13:00:20.783,1.3104,1.31058,1.50,1.95
2018.01.30 13:00:24.368,1.31041,1.31058,1.00,1.57
2018.01.30 13:00:24.723,1.31043,1.31059,1.00,1.20
2018.01.30 13:00:24.957,1.31044,1.31062,1.25,1.20
2018.01.30 13:00:25.601,1.31045,1.31062,1.00,1.20
2018.01.30 13:00:26.421,1.31046,1.31062,1.00,1.20
2018.01.30 13:00:26.523,1.31048,1.31062,1.00,1.07
2018.01.30 13:00:27.100,1.31048,1.31063,1.12,1.10
2018.01.30 13:00:29.563,1.31048,1.31063,1.12,1.07
2018.01.30 13:00:30.107,1.31048,1.31063,1.12,1.00
2018.01.30 13:00:30.610,1.31048,1.31063,1.50,1.00
2018.01.30 13:00:32.040,1.31049,1.31066,1.12,1.07
2018.01.30 13:00:32.591,1.31049,1.31067,1.12,1.95
2018.01.30 13:00:33.217,1.31049,1.31067,1.50,1.57
2018.01.30 13:00:34.284,1.31049,1.31067,1.50,2.32
2018.01.30 13:00:35.906,1.31051,1.31068,1.12,1.45
2018.01.30 13:00:35.957,1.31051,1.31069,1.75,3.45
2018.01.30 13:00:36.476,1.31051,1.31069,1.50,2.70
2018.01.30 13:00:40.579,1.31051,1.31069,1.12,3.82
2018.01.30 13:00:42.226,1.31052,1.31069,1.00,3.45
2018.01.30 13:00:45.108,1.31052,1.31069,1.00,2.70
2018.01.30 13:00:45.673,1.31052,1.31069,1.12,1.95
2018.01.30 13:00:46.228,1.31052,1.31069,1.12,1.45
2018.01.30 13:00:52.542,1.31052,1.31068,1.00,1.45
2018.01.30 13:00:53.055,1.31052,1.31069,1.00,2.70
2018.01.30 13:00:53.665,1.31052,1.31068,1.00,1.57
2018.01.30 13:00:53.746,1.3105,1.31066,1.00,1.07
2018.01.30 13:00:53.902,1.3105,1.31066,1.00,1.95
2018.01.30 13:00:54.445,1.3105,1.31065,1.00,1.45
2018.01.30 13:00:57.247,1.3105,1.31065,1.00,1.95
2018.01.30 13:00:59.816,1.3105,1.31065,1.50,1.10
2018.01.30 13:01:05.882,1.3105,1.31065,1.00,1.07
2018.01.30 13:01:05.985,1.31051,1.31068,2.25,1.45
2018.01.30 13:01:06.508,1.31052,1.31068,1.12,1.07
2018.01.30 13:01:07.062,1.31052,1.31068,1.12,1.10
2018.01.30 13:01:07.468,1.31054,1.31069,1.00,1.07
2018.01.30 13:01:07.772,1.31056,1.31071,1.00,1.20
2018.01.30 13:01:08.941,1.31055,1.31072,1.00,1.07
2018.01.30 13:01:09.812,1.31055,1.31073,1.00,1.57
2018.01.30 13:01:11.838,1.31055,1.31073,1.75,1.45
2018.01.30 13:01:12.381,1.31056,1.31074,1.50,1.20
2018.01.30 13:01:12.636,1.3106,1.31076,1.00,1.57
2018.01.30 13:01:12.686,1.3106,1.31077,1.50,1.95
2018.01.30 13:01:13.194,1.3106,1.31078,1.50,2.32
2018.01.30 13:01:13.721,1.31061,1.31078,1.00,1.20
2018.01.30 13:01:14.962,1.31061,1.31078,1.12,1.10
2018.01.30 13:01:16.081,1.31063,1.31078,1.00,1.00
2018.01.30 13:01:16.670,1.31064,1.31079,1.00,1.57
2018.01.30 13:01:17.214,1.31064,1.31081,1.87,1.45
2018.01.30 13:01:17.367,1.31065,1.31082,1.00,1.20
2018.01.30 13:01:17.520,1.31065,1.31082,1.00,1.95
2018.01.30 13:01:18.063,1.31065,1.31082,1.00,1.20
2018.01.30 13:01:18.667,1.31065,1.31082,1.00,1.20
2018.01.30 13:01:19.584,1.31066,1.31082,1.00,1.95
2018.01.30 13:01:19.789,1.31068,1.31083,1.00,1.20
2018.01.30 13:01:20.620,1.31068,1.31083,1.00,1.95
2018.01.30 13:01:20.672,1.31068,1.31083,1.00,1.07
2018.01.30 13:01:22.177,1.31068,1.31083,1.00,1.10
2018.01.30 13:01:24.675,1.31068,1.31083,1.00,1.20
2018.01.30 13:01:25.736,1.31067,1.31085,1.12,3.45
2018.01.30 13:01:26.710,1.31067,1.31084,1.12,1.45
2018.01.30 13:01:26.761,1.31069,1.31084,1.00,1.45
2018.01.30 13:01:26.813,1.31069,1.31085,1.00,1.57
2018.01.30 13:01:29.577,1.31069,1.31085,1.00,1.20
2018.01.30 13:01:29.754,1.31069,1.31085,1.00,1.95
2018.01.30 13:01:29.856,1.31069,1.31085,1.00,1.07
2018.01.30 13:01:30.297,1.31071,1.31087,1.00,1.95
2018.01.30 13:01:30.348,1.31071,1.31087,1.00,1.07
2018.01.30 13:01:31.379,1.31071,1.31087,1.50,1.20
2018.01.30 13:01:32.316,1.31071,1.31087,1.50,1.20
2018.01.30 13:01:33.014,1.31071,1.31087,1.50,1.10
2018.01.30 13:01:39.015,1.31071,1.31087,2.25,1.10
2018.01.30 13:01:40.751,1.31073,1.3109,1.19,1.57
2018.01.30 13:01:41.058,1.31078,1.31094,1.00,1.20
2018.01.30 13:01:41.228,1.31078,1.31094,1.00,1.10
2018.01.30 13:01:41.534,1.31083,1.31097,1.00,1.45
2018.01.30 13:01:42.071,1.31081,1.31097,1.00,2.70
2018.01.30 13:01:42.693,1.31081,1.31097,1.00,1.45
2018.01.30 13:01:43.401,1.3108,1.31096,1.00,1.26
2018.01.30 13:01:44.008,1.3108,1.31096,1.00,1.26
2018.01.30 13:01:46.263,1.3108,1.31098,1.00,1.76
2018.01.30 13:01:46.797,1.3108,1.31098,1.00,2.51
2018.01.30 13:01:48.412,1.3108,1.31098,1.31,2.14
2018.01.30 13:01:49.128,1.31081,1.31098,1.00,1.45
2018.01.30 13:01:49.666,1.31082,1.31098,1.50,1.07
2018.01.30 13:01:50.290,1.31083,1.31099,1.00,1.39
2018.01.30 13:01:50.840,1.31083,1.31099,1.00,1.20
2018.01.30 13:01:51.297,1.31083,1.31099,1.00,2.32
2018.01.30 13:01:51.649,1.31083,1.31099,1.00,1.58
2018.01.30 13:01:52.916,1.31084,1.31099,1.00,1.20
2018.01.30 13:01:53.931,1.31084,1.31102,3.00,1.95
2018.01.30 13:01:54.803,1.31084,1.31102,3.19,2.33
2018.01.30 13:01:55.536,1.31084,1.31102,3.00,2.14
2018.01.30 13:01:56.313,1.31084,1.31102,3.19,2.33
2018.01.30 13:01:56.468,1.31087,1.31103,1.75,1.01
2018.01.30 13:01:56.519,1.31086,1.31105,2.51,1.47
2018.01.30 13:01:56.571,1.31093,1.31105,1.12,1.47
2018.01.30 13:01:56.924,1.31095,1.31109,1.00,1.20
2018.01.30 13:01:57.450,1.31092,1.3111,1.50,3.26
2018.01.30 13:01:57.602,1.31091,1.31108,2.62,1.20
2018.01.30 13:01:58.149,1.3109,1.31107,1.00,3.26
2018.01.30 13:01:58.677,1.3109,1.31107,1.00,3.26
2018.01.30 13:01:59.206,1.3109,1.31107,1.00,3.26
2018.01.30 13:02:00.845,1.3109,1.31107,1.00,4.20
2018.01.30 13:02:01.384,1.3109,1.31106,1.00,1.70
2018.01.30 13:02:01.903,1.31089,1.31106,1.12,2.89
2018.01.30 13:02:02.658,1.31088,1.31104,1.00,1.07
2018.01.30 13:02:02.709,1.31087,1.31104,1.87,1.95
2018.01.30 13:02:03.190,1.31084,1.31101,1.87,1.07
2018.01.30 13:02:03.345,1.31082,1.31098,1.00,1.10
2018.01.30 13:02:03.728,1.31081,1.31097,1.50,1.20
2018.01.30 13:02:04.684,1.31081,1.31097,1.50,1.95
2018.01.30 13:02:04.938,1.31081,1.31097,2.25,1.20
2018.01.30 13:02:06.942,1.31081,1.31097,1.00,1.70
2018.01.30 13:02:07.498,1.31081,1.31097,1.00,1.95
2018.01.30 13:02:08.301,1.31081,1.31097,1.00,1.58
2018.01.30 13:02:11.864,1.31081,1.31097,1.50,1.58
2018.01.30 13:02:14.235,1.31082,1.31097,1.00,1.58
2018.01.30 13:02:14.760,1.31083,1.31098,1.00,1.57
2018.01.30 13:02:18.333,1.31083,1.31098,1.50,1.20
2018.01.30 13:02:19.084,1.31083,1.31098,1.50,1.00
2018.01.30 13:02:19.589,1.31084,1.31098,1.00,1.00
2018.01.30 13:02:25.379,1.31085,1.31098,1.00,1.10
2018.01.30 13:02:25.901,1.31084,1.311,1.50,1.07
2018.01.30 13:02:26.555,1.31085,1.311,1.00,1.07
2018.01.30 13:02:26.607,1.31086,1.31101,1.00,2.32
2018.01.30 13:02:28.696,1.31085,1.31101,1.50,1.57
2018.01.30 13:02:29.337,1.31085,1.31101,1.00,1.20
2018.01.30 13:02:29.887,1.31086,1.31101,1.00,1.20
2018.01.30 13:02:30.430,1.31086,1.31101,1.00,1.20
2018.01.30 13:02:30.960,1.31085,1.31101,1.69,1.39
2018.01.30 13:02:33.758,1.31086,1.31101,1.00,1.20
2018.01.30 13:02:34.303,1.31086,1.31101,1.00,1.39
2018.01.30 13:02:36.748,1.31085,1.31101,1.00,1.10
2018.01.30 13:02:41.451,1.31087,1.31101,1.00,1.10
2018.01.30 13:02:42.495,1.31087,1.31102,1.00,1.25
2018.01.30 13:02:48.438,1.31088,1.31102,1.00,1.25
2018.01.30 13:02:49.616,1.31088,1.31102,1.38,1.00
2018.01.30 13:02:50.175,1.31088,1.31102,1.00,1.00
2018.01.30 13:02:50.279,1.31089,1.31105,1.00,1.07
2018.01.30 13:02:50.729,1.31091,1.31106,1.00,1.58
2018.01.30 13:02:51.898,1.31092,1.31109,1.00,2.33
2018.01.30 13:02:52.396,1.31092,1.3111,1.50,1.58
2018.01.30 13:02:52.934,1.31093,1.3111,1.00,1.39
2018.01.30 13:02:53.451,1.31094,1.3111,1.00,1.00
2018.01.30 13:02:54.105,1.31095,1.3111,1.00,1.00
2018.01.30 13:02:55.921,1.31095,1.31111,1.50,1.57
2018.01.30 13:02:57.377,1.31096,1.31111,1.00,1.57
2018.01.30 13:02:57.894,1.31096,1.31111,1.00,1.95
2018.01.30 13:02:58.397,1.31096,1.31111,1.00,1.10
2018.01.30 13:03:00.694,1.31095,1.31111,1.00,1.20
2018.01.30 13:03:00.847,1.31093,1.31111,2.06,1.57
2018.01.30 13:03:01.444,1.31093,1.31111,1.87,1.10
2018.01.30 13:03:01.495,1.31095,1.31111,1.44,1.01
2018.01.30 13:03:02.717,1.31096,1.31113,1.50,1.39
2018.01.30 13:03:03.282,1.31096,1.31113,1.00,1.00
2018.01.30 13:03:04.241,1.31097,1.31113,1.00,1.00
2018.01.30 13:03:04.394,1.31095,1.31113,1.87,1.10
2018.01.30 13:03:05.534,1.31095,1.31113,1.50,2.33
2018.01.30 13:03:07.038,1.31097,1.31113,1.00,2.33
2018.01.30 13:03:07.701,1.31096,1.31113,1.00,2.14
2018.01.30 13:03:08.224,1.31097,1.31113,1.00,1.00
2018.01.30 13:03:08.734,1.31096,1.31113,1.25,1.13
2018.01.30 13:03:10.140,1.31096,1.31113,1.50,1.50
2018.01.30 13:03:10.746,1.31096,1.31113,1.31,1.50
2018.01.30 13:03:11.300,1.31097,1.31112,1.00,1.25
2018.01.30 13:03:11.993,1.31097,1.31112,1.00,1.88
2018.01.30 13:03:12.044,1.31094,1.3111,1.87,1.00
2018.01.30 13:03:12.560,1.31093,1.3111,1.50,1.10
2018.01.30 13:03:13.083,1.31093,1.31109,1.00,1.10
2018.01.30 13:03:16.812,1.31094,1.31109,1.00,1.00
2018.01.30 13:03:17.354,1.31094,1.3111,1.00,1.10
2018.01.30 13:03:17.939,1.31093,1.3111,1.69,1.10
2018.01.30 13:03:18.466,1.31094,1.3111,1.12,1.00
2018.01.30 13:03:19.010,1.31095,1.3111,1.00,1.00
2018.01.30 13:03:19.469,1.31097,1.3111,1.00,1.00
2018.01.30 13:03:20.293,1.31097,1.31112,1.12,1.00
2018.01.30 13:03:21.908,1.31097,1.31112,1.00,1.44
2018.01.30 13:03:22.503,1.31097,1.31112,1.00,1.12
2018.01.30 13:03:23.036,1.31097,1.31112,1.00,1.95
2018.01.30 13:03:24.642,1.31094,1.3111,1.25,1.00
2018.01.30 13:03:25.907,1.31094,1.3111,1.00,2.70
2018.01.30 13:03:25.959,1.31092,1.3111,2.44,2.32
2018.01.30 13:03:26.749,1.31093,1.31109,1.00,1.10
2018.01.30 13:03:27.428,1.31092,1.31109,1.00,1.10
2018.01.30 13:03:27.937,1.31092,1.31108,1.00,1.10
2018.01.30 13:03:28.986,1.3109,1.31107,2.44,1.01
2018.01.30 13:03:33.496,1.31091,1.31107,1.00,1.01
2018.01.30 13:03:34.089,1.3109,1.31107,1.50,1.10
2018.01.30 13:03:34.553,1.31092,1.31107,1.00,1.01
2018.01.30 13:03:40.977,1.31092,1.31108,1.00,1.00
2018.01.30 13:03:42.690,1.31092,1.31109,1.50,1.10
2018.01.30 13:03:43.499,1.31094,1.31109,1.00,1.01
2018.01.30 13:03:45.500,1.31092,1.31109,1.50,1.10
2018.01.30 13:03:49.952,1.31092,1.31108,1.69,1.00
2018.01.30 13:03:51.038,1.31092,1.31109,1.00,1.95
2018.01.30 13:03:51.192,1.31092,1.31109,1.00,2.51
2018.01.30 13:03:51.810,1.3109,1.31106,1.00,1.50
2018.01.30 13:03:52.219,1.31087,1.31104,2.25,1.25
2018.01.30 13:03:52.426,1.31087,1.31103,1.00,1.31
2018.01.30 13:03:52.630,1.31086,1.31101,1.00,1.10
2018.01.30 13:03:53.607,1.31086,1.31101,1.00,1.20
2018.01.30 13:03:56.039,1.31084,1.31099,1.00,1.10
2018.01.30 13:03:57.263,1.31081,1.31098,1.00,2.70
2018.01.30 13:03:57.367,1.31081,1.31098,1.50,3.08
2018.01.30 13:03:57.967,1.3108,1.31098,2.06,3.08
2018.01.30 13:03:58.503,1.31079,1.31096,1.50,1.57
2018.01.30 13:03:59.186,1.31079,1.31095,1.50,1.00
2018.01.30 13:04:00.791,1.31079,1.31095,1.50,1.20
2018.01.30 13:04:01.472,1.31079,1.31095,1.50,1.69
2018.01.30 13:04:02.016,1.31079,1.31095,1.50,2.14
2018.01.30 13:04:03.402,1.31079,1.31095,1.00,2.32
2018.01.30 13:04:04.520,1.31077,1.31093,1.50,1.87
2018.01.30 13:04:05.033,1.31077,1.31093,1.00,2.70
2018.01.30 13:04:06.204,1.31077,1.31093,1.00,3.45
2018.01.30 13:04:08.319,1.31077,1.31093,1.87,1.95
2018.01.30 13:04:08.421,1.31077,1.31093,1.87,2.32
2018.01.30 13:04:11.037,1.31076,1.31093,1.69,2.32
2018.01.30 13:04:12.687,1.31075,1.31091,1.50,1.10
2018.01.30 13:04:14.310,1.31076,1.31091,1.00,1.00
2018.01.30 13:04:15.359,1.31078,1.31091,1.00,1.00
2018.01.30 13:04:15.999,1.31079,1.31091,1.00,1.00
2018.01.30 13:04:17.560,1.31078,1.31091,1.25,1.00
2018.01.30 13:04:18.109,1.31078,1.31091,1.44,1.00
2018.01.30 13:04:18.866,1.31078,1.31093,1.25,1.20
2018.01.30 13:04:19.122,1.3108,1.31096,1.00,2.32
2018.01.30 13:04:20.052,1.31082,1.31097,1.00,1.70
2018.01.30 13:04:20.568,1.31082,1.31097,1.00,1.20
2018.01.30 13:04:20.896,1.31082,1.31098,1.44,1.20
2018.01.30 13:04:20.948,1.31082,1.31098,1.25,1.20
2018.01.30 13:04:20.999,1.31084,1.31098,1.00,1.20
2018.01.30 13:04:21.696,1.31083,1.31098,1.25,1.20
2018.01.30 13:04:21.747,1.31083,1.31099,1.25,1.00
2018.01.30 13:04:21.798,1.31085,1.31101,1.00,1.20
2018.01.30 13:04:22.203,1.31085,1.31102,1.00,2.51
2018.01.30 13:04:22.772,1.31086,1.31102,1.00,2.51
2018.01.30 13:04:22.976,1.31082,1.31098,1.25,1.12
2018.01.30 13:04:23.735,1.31083,1.31099,1.31,1.20
2018.01.30 13:04:26.020,1.31085,1.31099,1.00,1.00
2018.01.30 13:04:26.122,1.31085,1.31101,1.00,1.76
2018.01.30 13:04:27.670,1.31085,1.311,1.00,1.00
2018.01.30 13:04:28.161,1.31085,1.311,1.00,1.58
2018.01.30 13:04:28.213,1.31083,1.31097,1.00,1.00
2018.01.30 13:04:28.842,1.31082,1.31097,1.00,1.10
2018.01.30 13:04:29.210,1.31081,1.31096,1.00,1.58
2018.01.30 13:04:29.365,1.31078,1.31096,2.44,2.14
2018.01.30 13:04:29.651,1.31078,1.31094,1.00,1.45
2018.01.30 13:04:29.753,1.31078,1.31094,1.00,1.01
2018.01.30 13:04:30.888,1.31077,1.31094,1.25,2.14
2018.01.30 13:04:31.447,1.31077,1.31094,1.00,1.95
2018.01.30 13:04:32.229,1.31077,1.31094,1.25,2.14
2018.01.30 13:04:33.009,1.31077,1.31094,1.00,1.20
2018.01.30 13:04:33.441,1.31077,1.31094,1.00,1.95
2018.01.30 13:04:33.949,1.31076,1.31093,1.50,1.08
2018.01.30 13:04:41.998,1.31076,1.31092,1.50,1.95
2018.01.30 13:04:42.152,1.31073,1.31091,1.50,1.01
2018.01.30 13:04:42.204,1.31073,1.31091,1.88,2.70
2018.01.30 13:04:42.751,1.31072,1.31088,1.88,1.10
2018.01.30 13:04:43.272,1.31073,1.31088,1.25,1.10
2018.01.30 13:04:44.039,1.31073,1.31088,1.44,1.10
2018.01.30 13:04:45.579,1.31073,1.31088,1.00,1.10
2018.01.30 13:04:46.112,1.31072,1.31088,1.69,1.95
2018.01.30 13:04:49.607,1.3107,1.31088,1.13,2.32
2018.01.30 13:04:50.310,1.3107,1.31086,1.00,1.00
2018.01.30 13:04:50.856,1.31071,1.31086,1.00,1.00
2018.01.30 13:04:52.165,1.31071,1.31087,1.25,1.10
2018.01.30 13:04:53.192,1.31072,1.31087,1.25,1.10
2018.01.30 13:04:53.764,1.31071,1.31087,1.88,1.10
2018.01.30 13:04:54.623,1.31071,1.31087,1.69,1.10
2018.01.30 13:04:55.156,1.31071,1.31088,1.31,1.95
2018.01.30 13:04:56.449,1.3107,1.31087,2.63,1.39
2018.01.30 13:04:56.992,1.31071,1.31087,1.00,1.95
2018.01.30 13:05:02.499,1.31077,1.31087,1.00,1.00
2018.01.30 13:05:02.550,1.3108,1.31093,1.00,2.62
2018.01.30 13:05:02.601,1.31083,1.31093,1.50,2.62
2018.01.30 13:05:02.804,1.31084,1.31098,1.00,1.00
2018.01.30 13:05:04.210,1.31083,1.31098,1.50,1.00
2018.01.30 13:05:07.275,1.31083,1.31098,1.88,1.00
2018.01.30 13:05:07.943,1.31083,1.31098,1.69,1.00
2018.01.30 13:05:08.366,1.31085,1.31098,1.00,1.00
2018.01.30 13:05:08.902,1.31086,1.31098,1.00,1.00
2018.01.30 13:05:08.953,1.31086,1.31101,1.00,1.10
2018.01.30 13:05:12.228,1.31087,1.31101,1.00,1.10
2018.01.30 13:05:12.759,1.31087,1.31104,1.25,2.70
2018.01.30 13:05:13.358,1.31088,1.31104,1.00,2.51
2018.01.30 13:05:13.896,1.31088,1.31104,1.00,2.14
2018.01.30 13:05:15.333,1.31088,1.31104,1.00,2.89
2018.01.30 13:05:16.149,1.31088,1.31103,1.00,1.58
2018.01.30 13:05:16.199,1.31086,1.31102,1.25,1.58
2018.01.30 13:05:16.472,1.31084,1.31101,1.50,1.57
2018.01.30 13:05:19.221,1.31085,1.31101,1.00,1.45
2018.01.30 13:05:19.803,1.31084,1.31101,1.50,1.70
2018.01.30 13:05:20.008,1.31082,1.311,2.62,2.70
2018.01.30 13:05:20.060,1.31082,1.31098,1.00,1.45
2018.01.30 13:05:20.163,1.3108,1.31097,1.00,2.51
2018.01.30 13:05:20.366,1.3108,1.31096,1.00,1.76
2018.01.30 13:05:20.518,1.31078,1.31095,1.50,2.32
2018.01.30 13:05:21.376,1.31078,1.31095,1.50,3.07
2018.01.30 13:05:23.215,1.31078,1.31094,1.88,1.45
2018.01.30 13:05:23.743,1.3108,1.31094,1.00,1.45
2018.01.30 13:05:24.505,1.3108,1.31095,1.00,2.14
2018.01.30 13:05:25.167,1.3108,1.31095,1.50,2.89
2018.01.30 13:05:31.062,1.31079,1.31094,1.00,1.45
2018.01.30 13:05:32.121,1.31079,1.31094,1.00,1.45
2018.01.30 13:05:32.600,1.31077,1.31092,1.00,1.95
2018.01.30 13:05:32.804,1.31075,1.3109,1.50,1.45
2018.01.30 13:05:33.060,1.31073,1.31089,1.50,1.57
2018.01.30 13:05:33.588,1.31073,1.31089,2.25,1.95
2018.01.30 13:05:40.432,1.31074,1.31089,1.00,2.70
2018.01.30 13:05:40.970,1.31073,1.31089,1.50,2.70
2018.01.30 13:05:42.311,1.31072,1.31088,1.00,1.57
2018.01.30 13:05:42.891,1.31073,1.31088,1.00,1.57
2018.01.30 13:05:43.862,1.31073,1.31087,1.00,1.45
2018.01.30 13:05:51.028,1.31073,1.31087,1.00,1.45
2018.01.30 13:05:56.247,1.31072,1.31087,1.25,1.45
2018.01.30 13:05:56.754,1.31072,1.31088,1.25,3.07
2018.01.30 13:05:59.171,1.31071,1.31088,1.00,3.45
2018.01.30 13:05:59.754,1.3107,1.31087,1.12,1.82
2018.01.30 13:06:04.463,1.3107,1.31086,1.31,1.57
2018.01.30 13:06:05.002,1.3107,1.31084,1.00,1.45
2018.01.30 13:06:05.547,1.3107,1.31084,1.00,1.95
2018.01.30 13:06:05.937,1.31068,1.31084,1.50,2.32
2018.01.30 13:06:06.252,1.31067,1.31082,1.00,1.45
2018.01.30 13:06:06.466,1.31065,1.31081,1.00,1.57
2018.01.30 13:06:06.619,1.31064,1.31079,1.00,1.95
2018.01.30 13:06:07.592,1.31064,1.31079,1.00,2.51
2018.01.30 13:06:08.139,1.31064,1.31078,1.00,1.45
2018.01.30 13:06:08.662,1.31063,1.31078,1.00,1.70
2018.01.30 13:06:09.878,1.31063,1.31078,1.00,1.57
2018.01.30 13:06:11.288,1.31062,1.31078,1.00,2.14
2018.01.30 13:06:11.595,1.31062,1.31077,1.00,1.45
2018.01.30 13:06:12.183,1.31062,1.31076,1.00,1.57
2018.01.30 13:06:12.601,1.3106,1.31076,1.00,1.57
2018.01.30 13:06:13.121,1.31061,1.31076,1.00,2.32
2018.01.30 13:06:13.222,1.31059,1.31076,1.69,2.32
2018.01.30 13:06:13.616,1.31059,1.31076,1.38,2.70
2018.01.30 13:06:13.879,1.31059,1.31076,1.87,2.32
2018.01.30 13:06:14.182,1.31062,1.31076,1.00,2.32
2018.01.30 13:06:14.388,1.31068,1.31083,1.00,2.32
2018.01.30 13:06:14.439,1.31068,1.31083,1.25,1.10
2018.01.30 13:06:14.541,1.31068,1.31083,1.38,1.10
2018.01.30 13:06:14.845,1.3107,1.31086,2.44,1.20
2018.01.30 13:06:15.389,1.3107,1.31087,2.62,2.32
2018.01.30 13:06:16.796,1.31071,1.31087,1.00,1.95
2018.01.30 13:06:17.322,1.3107,1.31087,2.62,1.95
2018.01.30 13:06:19.958,1.31071,1.31087,1.00,2.32
2018.01.30 13:06:20.664,1.3107,1.31087,2.62,2.32
2018.01.30 13:06:22.326,1.3107,1.31087,2.62,2.32
2018.01.30 13:06:29.998,1.31071,1.31087,1.00,2.14
2018.01.30 13:06:30.943,1.3107,1.31087,2.62,1.95
2018.01.30 13:06:31.907,1.31071,1.31087,1.00,2.14
2018.01.30 13:06:34.706,1.31071,1.31087,1.00,2.32
2018.01.30 13:06:35.259,1.31072,1.31087,1.00,1.95
2018.01.30 13:06:37.300,1.31073,1.31088,1.00,1.95
2018.01.30 13:06:37.812,1.31073,1.31088,1.69,1.45
2018.01.30 13:06:37.965,1.31077,1.31089,1.00,1.45
2018.01.30 13:06:38.119,1.31077,1.31091,1.00,1.45
2018.01.30 13:06:38.377,1.31078,1.31093,1.00,1.95
2018.01.30 13:06:39.021,1.3108,1.31093,1.00,1.01
2018.01.30 13:06:39.537,1.3108,1.31093,1.00,1.57
2018.01.30 13:06:42.262,1.3108,1.31093,1.00,1.95
2018.01.30 13:06:42.571,1.31082,1.31094,1.00,2.32
2018.01.30 13:06:43.108,1.31082,1.31094,1.00,1.95
2018.01.30 13:06:45.665,1.31082,1.31094,1.00,1.20
2018.01.30 13:06:45.819,1.3108,1.31094,1.50,1.95
2018.01.30 13:06:46.993,1.3108,1.31094,1.50,1.95
2018.01.30 13:06:47.465,1.31078,1.31092,1.00,1.45
2018.01.30 13:06:48.468,1.31076,1.31092,1.00,2.14
2018.01.30 13:06:48.672,1.31075,1.31089,1.00,2.32
2018.01.30 13:06:49.193,1.31074,1.31089,1.00,3.26
2018.01.30 13:06:50.582,1.31074,1.31088,1.00,1.45
2018.01.30 13:06:52.175,1.31074,1.31087,1.00,1.57
2018.01.30 13:06:53.485,1.31073,1.31087,1.00,2.51
2018.01.30 13:06:56.313,1.31072,1.31087,1.50,1.95
2018.01.30 13:06:56.620,1.31067,1.31074,1.00,1.57
2018.01.30 13:06:56.671,1.31058,1.31073,1.50,1.45
2018.01.30 13:06:56.773,1.31058,1.31072,1.50,1.45
2018.01.30 13:06:57.297,1.31058,1.31071,1.00,2.14
2018.01.30 13:06:57.756,1.31055,1.31069,1.00,1.45
2018.01.30 13:06:57.808,1.31054,1.31068,1.50,1.57
2018.01.30 13:06:58.116,1.31054,1.31066,1.50,1.57
2018.01.30 13:06:58.937,1.31054,1.31067,1.50,1.57
2018.01.30 13:06:59.245,1.31056,1.31068,1.00,1.45
2018.01.30 13:06:59.449,1.31057,1.31069,1.00,1.95
2018.01.30 13:07:00.355,1.31057,1.31069,1.00,1.20
2018.01.30 13:07:01.025,1.31057,1.31069,1.00,1.57
2018.01.30 13:07:01.560,1.31056,1.3107,1.00,1.45
2018.01.30 13:07:04.672,1.31056,1.3107,1.25,1.57
2018.01.30 13:07:05.417,1.31056,1.31072,1.25,2.32
2018.01.30 13:07:06.403,1.31056,1.3107,1.00,1.45
2018.01.30 13:07:06.939,1.31057,1.3107,1.00,1.57
2018.01.30 13:07:07.042,1.31057,1.31069,1.00,1.45
2018.01.30 13:07:07.632,1.31057,1.3107,1.00,1.45
2018.01.30 13:07:10.592,1.31057,1.31069,1.00,1.57
2018.01.30 13:07:10.962,1.31057,1.31072,1.00,2.70
2018.01.30 13:07:12.795,1.31057,1.31071,1.00,2.32
2018.01.30 13:07:13.483,1.31057,1.31071,1.00,1.45
2018.01.30 13:07:14.093,1.31058,1.31072,1.00,1.57
2018.01.30 13:07:19.501,1.31058,1.31073,1.38,1.95
2018.01.30 13:07:19.648,1.31059,1.31072,1.50,1.07
2018.01.30 13:07:20.422,1.31059,1.31074,1.88,1.45
2018.01.30 13:07:31.358,1.31061,1.31074,1.00,1.45
2018.01.30 13:07:31.998,1.31061,1.31074,1.00,1.57
2018.01.30 13:07:38.189,1.31061,1.31074,1.00,1.45
2018.01.30 13:07:43.841,1.3106,1.31074,1.00,1.57
2018.01.30 13:07:52.191,1.3106,1.31073,1.00,1.57
2018.01.30 13:07:54.649,1.31059,1.31074,1.50,1.57
2018.01.30 13:07:59.338,1.31059,1.31072,1.00,1.45
2018.01.30 13:08:04.379,1.31063,1.31075,1.00,1.82
2018.01.30 13:08:04.436,1.31063,1.31078,1.50,1.45
2018.01.30 13:08:04.540,1.31066,1.31079,1.00,1.57
2018.01.30 13:08:04.745,1.31067,1.31082,1.87,2.14
2018.01.30 13:08:04.969,1.3107,1.31083,1.00,1.57
2018.01.30 13:08:05.602,1.31071,1.31085,1.00,2.14
2018.01.30 13:08:06.121,1.31071,1.31085,1.50,2.32
2018.01.30 13:08:08.387,1.3107,1.31083,1.00,1.00
2018.01.30 13:08:08.696,1.3107,1.31082,1.00,3.08
2018.01.30 13:08:09.279,1.3107,1.3108,1.00,1.45
2018.01.30 13:08:09.433,1.3107,1.31082,1.00,2.32
2018.01.30 13:08:10.790,1.3107,1.31081,1.00,1.45
2018.01.30 13:08:11.421,1.3107,1.31082,1.00,1.95
2018.01.30 13:08:11.934,1.3107,1.31083,1.00,1.45
2018.01.30 13:08:13.357,1.3107,1.31082,1.00,1.57
2018.01.30 13:08:13.711,1.3107,1.31083,1.00,1.95
2018.01.30 13:08:13.812,1.3107,1.31082,1.00,1.45
2018.01.30 13:08:13.959,1.3107,1.31083,1.00,1.95
2018.01.30 13:08:14.060,1.3107,1.31082,1.00,1.45
2018.01.30 13:08:14.213,1.3107,1.31083,1.00,2.32
2018.01.30 13:08:14.314,1.3107,1.31082,1.00,1.45
2018.01.30 13:08:14.820,1.3107,1.31083,1.00,2.70
2018.01.30 13:08:15.337,1.3107,1.31083,1.00,1.95
2018.01.30 13:08:15.641,1.3107,1.31082,1.00,1.45
2018.01.30 13:08:16.191,1.3107,1.31083,1.00,2.70
2018.01.30 13:08:17.618,1.31069,1.31081,1.00,1.45
2018.01.30 13:08:21.077,1.31069,1.31081,1.00,1.45
2018.01.30 13:08:21.746,1.31069,1.31081,1.00,1.45
2018.01.30 13:08:23.080,1.31069,1.31083,1.00,2.51
2018.01.30 13:08:24.395,1.3107,1.31082,1.00,1.45
2018.01.30 13:08:24.944,1.3107,1.31083,1.00,1.57
2018.01.30 13:08:26.562,1.31071,1.31084,1.00,2.70
2018.01.30 13:08:26.716,1.31073,1.31085,1.00,1.95
2018.01.30 13:08:27.227,1.31074,1.31087,1.00,2.32
2018.01.30 13:08:27.582,1.31075,1.31087,1.00,1.33
2018.01.30 13:08:28.147,1.31076,1.31088,1.00,1.45
2018.01.30 13:08:30.805,1.31076,1.31088,1.00,1.45
2018.01.30 13:08:34.767,1.31076,1.31089,1.00,2.32
2018.01.30 13:08:37.698,1.31077,1.31089,1.00,1.57
2018.01.30 13:08:38.243,1.31077,1.31089,1.00,2.32
2018.01.30 13:08:48.852,1.31077,1.31088,1.00,1.45
2018.01.30 13:08:49.357,1.31077,1.31089,1.00,1.95
2018.01.30 13:08:51.560,1.31075,1.31089,1.50,1.95
2018.01.30 13:08:52.235,1.31075,1.31087,1.50,1.45
2018.01.30 13:09:00.658,1.31075,1.31087,1.00,1.95
2018.01.30 13:09:00.709,1.31073,1.31087,1.00,2.89
2018.01.30 13:09:01.239,1.31072,1.31086,1.00,1.58
2018.01.30 13:09:07.056,1.31071,1.31084,1.00,1.08
2018.01.30 13:09:08.386,1.31071,1.31085,1.00,1.45
2018.01.30 13:09:08.540,1.31069,1.31083,1.00,1.95
2018.01.30 13:09:08.797,1.31068,1.31081,1.00,1.70
2018.01.30 13:09:09.313,1.31067,1.31081,1.00,1.70
2018.01.30 13:09:11.738,1.31065,1.3108,1.00,1.20
2018.01.30 13:09:12.206,1.31065,1.3108,1.00,2.32
2018.01.30 13:09:12.844,1.31063,1.31077,1.00,1.45
2018.01.30 13:09:13.373,1.31062,1.31077,1.50,1.57
2018.01.30 13:09:13.679,1.31065,1.31078,1.00,1.45
2018.01.30 13:09:14.806,1.31065,1.31078,1.00,1.57
2018.01.30 13:09:15.350,1.31064,1.31078,1.00,1.95
2018.01.30 13:09:15.780,1.31062,1.31078,1.00,2.14
2018.01.30 13:09:16.638,1.31062,1.31076,1.00,1.45
2018.01.30 13:09:17.180,1.31061,1.31076,1.50,1.57
2018.01.30 13:09:17.530,1.31063,1.31078,1.00,1.95
2018.01.30 13:09:18.109,1.31064,1.31078,1.12,1.57
2018.01.30 13:09:18.600,1.31064,1.31078,1.25,1.07
2018.01.30 13:09:19.154,1.31064,1.31079,1.50,1.45
2018.01.30 13:09:19.753,1.31066,1.31079,1.25,1.57
2018.01.30 13:09:20.822,1.31067,1.3108,1.00,1.57
2018.01.30 13:09:22.325,1.31067,1.31082,1.00,3.26
2018.01.30 13:09:22.944,1.31065,1.31081,1.00,1.57
2018.01.30 13:09:23.893,1.31065,1.3108,1.00,1.95
2018.01.30 13:09:25.406,1.31067,1.31079,1.00,1.45
2018.01.30 13:09:26.016,1.31067,1.31081,1.00,2.70
2018.01.30 13:09:26.700,1.31067,1.3108,1.00,1.45
2018.01.30 13:09:30.167,1.31067,1.31081,1.00,1.82
2018.01.30 13:09:30.372,1.31069,1.31084,1.00,1.82
2018.01.30 13:09:30.422,1.31072,1.31085,1.50,1.95
2018.01.30 13:09:30.742,1.31074,1.31087,1.00,2.32
2018.01.30 13:09:30.902,1.31074,1.31087,1.00,1.45
2018.01.30 13:09:31.482,1.31075,1.3109,1.00,3.08
2018.01.30 13:09:32.212,1.31075,1.3109,1.13,2.32
2018.01.30 13:09:33.175,1.31076,1.3109,1.00,2.32
2018.01.30 13:09:33.782,1.31076,1.3109,1.50,1.57
2018.01.30 13:09:34.686,1.31076,1.31092,1.50,1.95
2018.01.30 13:09:34.839,1.31078,1.3109,1.00,1.45
2018.01.30 13:09:35.862,1.31078,1.31092,1.00,2.89
2018.01.30 13:09:36.367,1.31078,1.31093,1.50,2.32
2018.01.30 13:09:36.942,1.31079,1.31093,1.00,2.70
2018.01.30 13:09:37.452,1.31079,1.31093,1.00,1.45
2018.01.30 13:09:38.259,1.31079,1.31093,1.00,1.95
2018.01.30 13:09:38.413,1.3108,1.31094,1.00,1.95
2018.01.30 13:09:38.745,1.31082,1.31097,1.00,1.95
2018.01.30 13:09:39.051,1.31084,1.31098,1.00,2.32
2018.01.30 13:09:41.845,1.31084,1.31098,1.50,1.45
2018.01.30 13:09:50.784,1.31085,1.31098,1.00,1.45
2018.01.30 13:09:53.860,1.31085,1.31097,1.00,1.45
2018.01.30 13:09:56.075,1.31085,1.31098,1.00,1.57
2018.01.30 13:09:58.736,1.31085,1.31098,1.00,1.45
2018.01.30 13:10:06.026,1.31085,1.31099,1.00,3.07
2018.01.30 13:10:06.623,1.31086,1.31099,1.00,3.07
2018.01.30 13:10:07.340,1.31087,1.31099,1.00,1.57
2018.01.30 13:10:07.907,1.31086,1.31099,1.00,1.57
2018.01.30 13:10:08.352,1.31087,1.311,1.44,1.57
2018.01.30 13:10:08.438,1.31087,1.311,1.25,1.57
2018.01.30 13:10:09.328,1.31087,1.31102,1.44,2.70
2018.01.30 13:10:09.695,1.31086,1.31101,1.00,1.45
2018.01.30 13:10:09.747,1.31086,1.311,1.00,1.45
2018.01.30 13:10:10.055,1.31084,1.31099,1.50,2.32
2018.01.30 13:10:10.359,1.31084,1.31098,1.50,1.45
2018.01.30 13:10:11.092,1.31084,1.31098,1.50,1.45
2018.01.30 13:10:20.079,1.31084,1.31097,1.00,1.45
2018.01.30 13:10:20.459,1.3108,1.31092,1.00,1.70
2018.01.30 13:10:20.768,1.31075,1.31086,1.50,1.07
2018.01.30 13:10:21.282,1.31074,1.31082,1.12,1.57
2018.01.30 13:10:21.688,1.31073,1.31081,1.00,1.57
2018.01.30 13:10:21.819,1.31071,1.31081,1.00,1.95
2018.01.30 13:10:22.200,1.31067,1.3108,1.00,1.45
2018.01.30 13:10:22.743,1.31067,1.3108,1.00,1.57
2018.01.30 13:10:23.102,1.31069,1.31081,1.00,1.57
2018.01.30 13:10:23.643,1.31069,1.31082,1.00,2.32
2018.01.30 13:10:25.107,1.31069,1.31081,1.00,1.57
2018.01.30 13:10:27.054,1.31068,1.31081,1.00,1.57
2018.01.30 13:10:30.115,1.31068,1.3108,1.00,1.45
2018.01.30 13:10:31.841,1.31068,1.31081,1.00,1.45
2018.01.30 13:10:36.915,1.31068,1.31081,1.00,2.51
2018.01.30 13:10:41.855,1.31065,1.31081,1.50,2.32
2018.01.30 13:10:50.890,1.31065,1.3108,1.50,1.45
2018.01.30 13:10:50.993,1.31062,1.31078,1.87,1.57
2018.01.30 13:10:51.997,1.31062,1.31077,1.87,1.45
2018.01.30 13:10:55.542,1.31062,1.31077,1.00,1.45
2018.01.30 13:10:56.050,1.31062,1.31077,1.19,1.70
2018.01.30 13:10:56.563,1.31062,1.31078,1.44,2.51
2018.01.30 13:10:57.082,1.31062,1.31078,1.12,1.76
2018.01.30 13:10:57.669,1.31062,1.31078,1.44,1.70
2018.01.30 13:10:58.492,1.31063,1.31078,1.44,2.32
2018.01.30 13:10:59.020,1.31063,1.31078,1.25,2.32
2018.01.30 13:10:59.649,1.31063,1.31078,1.31,2.32
2018.01.30 13:11:00.582,1.31063,1.31078,1.12,2.32
2018.01.30 13:11:11.918,1.31062,1.31078,1.12,2.70
2018.01.30 13:11:12.449,1.31062,1.31078,1.31,1.57
2018.01.30 13:11:13.016,1.31062,1.31078,1.12,1.57
2018.01.30 13:11:13.530,1.31063,1.31078,1.25,1.45
2018.01.30 13:11:18.020,1.31063,1.31078,1.69,2.32
2018.01.30 13:11:18.072,1.31063,1.31078,2.63,1.57
2018.01.30 13:11:18.277,1.31065,1.31079,2.25,1.07
2018.01.30 13:11:19.071,1.31065,1.31081,2.06,2.32
2018.01.30 13:11:19.378,1.31067,1.3108,1.00,1.57
2018.01.30 13:11:19.914,1.31067,1.3108,1.00,1.45
2018.01.30 13:11:20.277,1.31067,1.31081,1.00,1.45
2018.01.30 13:11:20.328,1.31067,1.31082,1.38,2.32
2018.01.30 13:11:20.379,1.31071,1.31085,1.69,1.07
2018.01.30 13:11:20.431,1.31076,1.31088,1.00,1.07
2018.01.30 13:11:20.648,1.31078,1.31092,1.00,1.20
2018.01.30 13:11:21.922,1.31078,1.31093,1.00,1.57
2018.01.30 13:11:22.024,1.31078,1.31093,1.00,1.95
2018.01.30 13:11:23.938,1.31078,1.31093,1.00,1.76
2018.01.30 13:11:24.244,1.31073,1.31087,1.00,1.70
2018.01.30 13:11:24.548,1.31073,1.31086,1.00,1.58
2018.01.30 13:11:25.712,1.31072,1.31086,2.25,1.45
2018.01.30 13:11:33.909,1.31072,1.31086,1.00,1.57
2018.01.30 13:11:34.423,1.31072,1.31086,1.00,1.70
2018.01.30 13:11:36.599,1.3107,1.31086,1.50,1.57
2018.01.30 13:11:40.078,1.3107,1.31086,1.88,1.95
2018.01.30 13:11:41.198,1.3107,1.31086,1.69,1.58
2018.01.30 13:11:41.736,1.3107,1.31086,2.63,1.45
2018.01.30 13:11:49.317,1.3107,1.31083,1.00,1.57
2018.01.30 13:11:49.369,1.31067,1.31081,1.00,1.10
2018.01.30 13:11:49.420,1.31067,1.31081,1.00,1.76
2018.01.30 13:11:49.766,1.31067,1.3108,1.00,1.57
2018.01.30 13:11:50.318,1.31067,1.3108,1.00,1.45
2018.01.30 13:11:50.825,1.31067,1.3108,1.00,1.95
2018.01.30 13:12:01.149,1.31067,1.31079,1.00,1.45
2018.01.30 13:12:03.075,1.31067,1.3108,1.00,1.57
2018.01.30 13:12:12.041,1.31067,1.3108,1.00,1.76
2018.01.30 13:12:12.794,1.31063,1.31078,1.00,2.14
2018.01.30 13:12:12.947,1.3106,1.31076,1.69,1.57
2018.01.30 13:12:15.420,1.3106,1.31077,1.50,1.76
2018.01.30 13:12:25.264,1.3106,1.31077,2.44,1.58
2018.01.30 13:12:25.768,1.3106,1.31077,2.44,1.45
2018.01.30 13:12:26.303,1.3106,1.31078,2.62,3.83
2018.01.30 13:12:27.723,1.3106,1.31078,2.81,2.70
2018.01.30 13:12:28.447,1.3106,1.31077,2.81,1.45
2018.01.30 13:12:28.969,1.3106,1.31077,1.50,2.89
2018.01.30 13:12:29.975,1.3106,1.31076,1.50,2.14
2018.01.30 13:12:36.430,1.3106,1.31074,1.00,1.45
2018.01.30 13:12:36.940,1.31059,1.31075,1.00,2.32
2018.01.30 13:12:37.575,1.31059,1.31073,1.00,1.45
2018.01.30 13:12:41.205,1.31059,1.31074,1.00,1.82
2018.01.30 13:12:41.307,1.31059,1.31074,1.00,1.20
2018.01.30 13:12:41.408,1.31059,1.31074,1.00,1.57
2018.01.30 13:12:41.737,1.31053,1.31068,1.00,2.32
2018.01.30 13:12:42.041,1.31053,1.31066,1.00,1.57
2018.01.30 13:12:43.003,1.31053,1.31067,1.00,1.57
2018.01.30 13:12:43.559,1.31052,1.31067,1.00,1.58
2018.01.30 13:12:44.081,1.31051,1.31065,1.00,1.45
2018.01.30 13:12:44.622,1.31051,1.31065,1.25,1.45
2018.01.30 13:12:45.143,1.31051,1.31066,1.00,1.45
2018.01.30 13:12:45.770,1.31051,1.31066,1.00,1.57
2018.01.30 13:12:45.936,1.31051,1.31066,1.25,1.07
2018.01.30 13:12:46.555,1.31049,1.31065,1.50,1.08
2018.01.30 13:12:47.148,1.31049,1.31066,1.50,2.51
2018.01.30 13:12:47.428,1.3105,1.31066,1.12,1.76
2018.01.30 13:12:47.635,1.31049,1.31066,1.25,2.32
2018.01.30 13:12:48.447,1.31049,1.31065,1.00,1.45
2018.01.30 13:12:48.751,1.31045,1.31059,1.00,1.45
2018.01.30 13:12:49.648,1.31044,1.31059,1.50,1.95
2018.01.30 13:12:50.003,1.31043,1.31056,1.00,1.45
2018.01.30 13:12:50.054,1.31041,1.31056,1.00,2.32
2018.01.30 13:12:50.395,1.31039,1.31054,1.00,1.39
2018.01.30 13:12:50.497,1.31037,1.31053,1.50,2.33
2018.01.30 13:12:51.030,1.31037,1.31052,1.00,2.33
2018.01.30 13:12:51.651,1.31037,1.31051,1.00,1.82
2018.01.30 13:12:52.186,1.31037,1.31052,1.00,2.14
2018.01.30 13:12:53.269,1.31038,1.31052,1.00,1.82
2018.01.30 13:12:54.148,1.31038,1.31051,1.00,1.07
2018.01.30 13:12:54.680,1.31038,1.31052,1.00,1.57
2018.01.30 13:12:55.158,1.31038,1.31052,1.00,1.07
2018.01.30 13:12:55.261,1.31038,1.31052,1.00,1.45
2018.01.30 13:12:55.858,1.31038,1.31052,1.00,1.07
2018.01.30 13:12:55.960,1.31038,1.31052,1.25,1.45
2018.01.30 13:12:56.393,1.31038,1.31054,1.00,1.95
2018.01.30 13:12:56.601,1.31038,1.31053,1.00,1.82
2018.01.30 13:12:57.115,1.31038,1.31053,1.25,1.57
2018.01.30 13:12:57.419,1.31038,1.31052,1.00,1.45
2018.01.30 13:12:57.738,1.31039,1.31053,1.00,1.45
2018.01.30 13:12:57.839,1.31039,1.31052,1.00,1.57
2018.01.30 13:12:58.176,1.31039,1.31054,1.00,3.26
2018.01.30 13:12:58.380,1.31039,1.31053,1.00,1.95
2018.01.30 13:12:58.584,1.31041,1.31054,1.00,1.07
2018.01.30 13:12:58.813,1.31041,1.31056,1.50,1.07
2018.01.30 13:12:58.967,1.31041,1.31057,1.87,1.70
2018.01.30 13:12:59.019,1.31041,1.31057,1.69,1.70
2018.01.30 13:12:59.174,1.31043,1.31057,1.00,1.70
2018.01.30 13:13:00.170,1.31043,1.31058,1.00,1.57
2018.01.30 13:13:01.033,1.31043,1.31057,1.00,1.45
2018.01.30 13:13:01.613,1.31043,1.31057,1.00,1.07
2018.01.30 13:13:03.945,1.31043,1.31058,1.00,1.95
2018.01.30 13:13:04.048,1.31043,1.31056,1.00,1.57
2018.01.30 13:13:04.645,1.31043,1.31057,1.00,2.32
2018.01.30 13:13:05.582,1.31043,1.31057,1.00,1.57
2018.01.30 13:13:06.315,1.31043,1.31057,1.00,2.32
2018.01.30 13:13:06.936,1.31043,1.31057,1.00,1.20
2018.01.30 13:13:07.514,1.31043,1.31057,1.50,1.95
2018.01.30 13:13:08.017,1.31043,1.31056,1.50,1.45
2018.01.30 13:13:08.170,1.31043,1.31057,1.00,1.57
2018.01.30 13:13:09.182,1.31043,1.31057,1.00,1.95
2018.01.30 13:13:10.517,1.31043,1.31057,1.00,1.95
2018.01.30 13:13:15.696,1.31043,1.31057,1.00,1.57
2018.01.30 13:13:17.157,1.31043,1.31056,1.19,1.45
2018.01.30 13:13:18.017,1.31043,1.31058,1.44,1.95
2018.01.30 13:13:18.729,1.31043,1.31058,1.25,1.95
2018.01.30 13:13:19.271,1.31043,1.31058,1.44,2.32
2018.01.30 13:13:19.955,1.31044,1.31058,1.00,2.32
2018.01.30 13:13:21.249,1.31044,1.31057,1.00,1.45
2018.01.30 13:13:23.186,1.31044,1.31058,1.25,2.32
2018.01.30 13:13:23.758,1.31044,1.31057,1.00,1.45
2018.01.30 13:13:25.071,1.31044,1.31057,1.25,1.07
2018.01.30 13:13:26.118,1.31044,1.31058,1.12,2.32
2018.01.30 13:13:37.769,1.31044,1.31059,1.69,1.57
2018.01.30 13:13:37.949,1.31044,1.31058,1.00,1.45
2018.01.30 13:13:38.668,1.31044,1.31059,1.00,2.32
2018.01.30 13:13:39.669,1.31044,1.31058,1.00,1.45
2018.01.30 13:13:40.180,1.31044,1.31058,1.00,1.45
2018.01.30 13:13:41.319,1.31044,1.31058,1.00,1.07
2018.01.30 13:13:41.843,1.31044,1.31059,1.00,1.95
2018.01.30 13:13:43.747,1.31044,1.31058,1.00,1.57
2018.01.30 13:13:44.295,1.31043,1.31058,1.25,1.57
2018.01.30 13:13:54.074,1.31043,1.31057,1.00,1.45
2018.01.30 13:13:54.615,1.31043,1.31058,1.00,1.57
2018.01.30 13:13:56.282,1.31042,1.31057,1.00,1.45
2018.01.30 13:13:57.068,1.31042,1.31058,1.00,2.51
2018.01.30 13:13:58.188,1.31042,1.31056,1.00,1.95
2018.01.30 13:13:58.724,1.31041,1.31056,1.50,1.20
2018.01.30 13:14:00.021,1.31041,1.31057,1.00,3.26
2018.01.30 13:14:00.225,1.31042,1.31058,1.13,2.32
2018.01.30 13:14:00.812,1.31042,1.31058,1.69,1.20
2018.01.30 13:14:01.352,1.31042,1.31058,2.06,1.20
2018.01.30 13:14:01.820,1.31042,1.3106,3.00,2.89
2018.01.30 13:14:02.349,1.31042,1.3106,3.00,2.70
2018.01.30 13:14:04.814,1.31044,1.3106,1.38,2.70
2018.01.30 13:14:04.866,1.31044,1.3106,1.25,2.70
2018.01.30 13:14:06.357,1.31044,1.31059,1.13,1.07
2018.01.30 13:14:06.822,1.31044,1.3106,1.63,2.32
2018.01.30 13:14:07.740,1.31045,1.3106,1.25,2.32
2018.01.30 13:14:07.842,1.31045,1.3106,1.69,1.20
2018.01.30 13:14:08.360,1.31045,1.3106,1.50,1.20
2018.01.30 13:14:08.907,1.31045,1.31062,1.88,1.57
2018.01.30 13:14:10.015,1.31045,1.31061,1.88,1.45
2018.01.30 13:14:10.117,1.31045,1.31061,2.25,1.45
2018.01.30 13:14:10.669,1.31045,1.31061,3.00,1.45
2018.01.30 13:14:11.387,1.31045,1.31061,2.81,1.45
2018.01.30 13:14:11.887,1.31045,1.3106,2.63,1.45
2018.01.30 13:14:12.091,1.31045,1.31059,1.69,1.45
2018.01.30 13:14:12.601,1.31045,1.3106,1.44,1.45
2018.01.30 13:14:12.653,1.31045,1.3106,1.25,1.45
2018.01.30 13:14:13.162,1.31045,1.3106,1.00,1.82
2018.01.30 13:14:14.349,1.31045,1.3106,1.44,2.14
2018.01.30 13:14:15.499,1.31045,1.3106,1.25,1.57
2018.01.30 13:14:15.747,1.31045,1.31061,1.63,2.70
2018.01.30 13:14:16.002,1.31045,1.3106,1.25,1.45
2018.01.30 13:14:16.155,1.31045,1.31061,1.63,2.70
2018.01.30 13:14:16.965,1.31045,1.31059,1.63,1.45
2018.01.30 13:14:17.258,1.31045,1.31059,1.25,1.45
2018.01.30 13:14:19.820,1.31045,1.31059,1.63,1.45
2018.01.30 13:14:20.330,1.31045,1.31061,1.38,2.70
2018.01.30 13:14:21.600,1.31045,1.31059,1.44,1.45
2018.01.30 13:14:22.227,1.31046,1.31059,1.00,1.57
2018.01.30 13:14:22.822,1.31046,1.31058,1.00,1.57
2018.01.30 13:14:26.269,1.31046,1.31058,1.00,1.57
2018.01.30 13:14:26.913,1.31046,1.31059,1.00,1.45
2018.01.30 13:14:27.456,1.31046,1.31061,1.00,1.95
2018.01.30 13:14:29.448,1.31046,1.31061,1.69,1.95
2018.01.30 13:14:29.903,1.31046,1.31061,1.50,1.20
2018.01.30 13:14:30.005,1.31046,1.31061,1.50,1.95
2018.01.30 13:14:30.310,1.31049,1.31063,1.69,1.45
2018.01.30 13:14:30.361,1.31049,1.31064,1.50,1.95
2018.01.30 13:14:30.887,1.31049,1.31064,1.69,1.95
2018.01.30 13:14:31.146,1.31049,1.31064,1.69,1.10
2018.01.30 13:14:31.612,1.31051,1.31066,1.00,1.57
2018.01.30 13:14:32.027,1.31052,1.31067,1.88,1.20
2018.01.30 13:14:32.541,1.31052,1.3107,2.06,2.51
2018.01.30 13:14:33.060,1.31053,1.31069,1.13,1.57
2018.01.30 13:14:33.569,1.31053,1.31069,1.44,2.32
2018.01.30 13:14:34.140,1.31056,1.31069,1.00,1.95
2018.01.30 13:14:35.013,1.31056,1.31069,1.00,1.57
2018.01.30 13:14:36.228,1.31056,1.3107,1.13,1.07
2018.01.30 13:14:36.788,1.31056,1.31071,1.88,1.45
2018.01.30 13:14:37.299,1.31056,1.31072,1.50,2.32
2018.01.30 13:14:37.350,1.31058,1.31073,1.50,1.45
2018.01.30 13:14:38.159,1.31058,1.31074,1.50,1.95
2018.01.30 13:14:39.137,1.31059,1.31074,1.00,2.32
2018.01.30 13:14:40.424,1.31059,1.31074,1.00,3.07
2018.01.30 13:14:40.950,1.31058,1.31074,1.00,3.07
2018.01.30 13:14:41.573,1.31058,1.31074,1.00,2.51
2018.01.30 13:14:42.337,1.31059,1.31074,1.00,1.45
2018.01.30 13:14:43.935,1.31059,1.31074,1.00,1.57
2018.01.30 13:14:44.485,1.3106,1.31074,1.00,1.20
2018.01.30 13:14:47.229,1.31059,1.31075,1.69,1.95
2018.01.30 13:14:54.801,1.31059,1.31075,1.50,1.95
2018.01.30 13:14:55.373,1.31059,1.31075,1.50,1.95
2018.01.30 13:14:56.746,1.3106,1.31074,1.00,1.45
2018.01.30 13:14:57.328,1.3106,1.31075,1.50,1.95
2018.01.30 13:14:58.976,1.3106,1.31073,1.50,1.57
2018.01.30 13:15:00.206,1.3106,1.31074,1.00,2.32
2018.01.30 13:15:01.045,1.3106,1.31074,1.00,2.32
2018.01.30 13:15:01.148,1.3106,1.31075,2.44,1.07
2018.01.30 13:15:01.654,1.3106,1.31076,1.87,1.45
2018.01.30 13:15:02.186,1.31061,1.31077,1.00,2.70
2018.01.30 13:15:02.857,1.31062,1.31076,1.00,1.57
2018.01.30 13:15:03.508,1.31061,1.31072,1.00,1.45
2018.01.30 13:15:03.559,1.31059,1.3107,1.00,1.20
2018.01.30 13:15:03.610,1.31059,1.3107,1.00,1.95
2018.01.30 13:15:03.711,1.31059,1.3107,1.00,1.57
2018.01.30 13:15:03.817,1.31055,1.31072,2.44,2.14
2018.01.30 13:15:04.333,1.31056,1.31072,1.00,1.70
2018.01.30 13:15:04.384,1.31058,1.31073,1.00,1.76
2018.01.30 13:15:05.830,1.31059,1.31074,1.25,1.95
2018.01.30 13:15:06.429,1.31059,1.31074,2.63,1.45
2018.01.30 13:15:06.563,1.31062,1.31075,1.00,1.95
2018.01.30 13:15:06.665,1.31062,1.31075,1.00,1.07
2018.01.30 13:15:07.197,1.31062,1.31076,1.00,1.57
2018.01.30 13:15:07.938,1.31062,1.31077,1.00,1.20
2018.01.30 13:15:12.356,1.31063,1.31077,1.00,1.20
2018.01.30 13:15:19.963,1.31063,1.31076,1.00,1.45
2018.01.30 13:15:21.081,1.31063,1.31078,1.00,1.45
2018.01.30 13:15:21.904,1.31063,1.31079,1.25,3.45
2018.01.30 13:15:22.745,1.31063,1.31078,1.00,1.45
2018.01.30 13:15:23.384,1.31063,1.31076,1.00,1.57
2018.01.30 13:15:25.192,1.31063,1.31075,1.00,1.57
2018.01.30 13:15:27.386,1.31062,1.31075,1.00,1.57
2018.01.30 13:15:34.713,1.31062,1.31076,1.00,2.32
2018.01.30 13:15:35.216,1.31062,1.31074,1.00,1.45
2018.01.30 13:15:36.343,1.3106,1.31074,1.00,1.57
2018.01.30 13:15:36.445,1.3106,1.31075,1.00,1.95
2018.01.30 13:15:36.994,1.3106,1.31075,1.00,1.20
2018.01.30 13:15:37.519,1.3106,1.31074,1.00,1.95
2018.01.30 13:15:38.022,1.3106,1.31074,1.00,1.95
2018.01.30 13:15:39.292,1.3106,1.31074,1.00,2.89
2018.01.30 13:15:41.089,1.3106,1.31074,1.00,2.32
2018.01.30 13:15:41.633,1.3106,1.31074,1.00,2.32
2018.01.30 13:15:42.511,1.31058,1.31074,1.00,2.51
2018.01.30 13:15:42.954,1.31058,1.31073,1.00,1.45
2018.01.30 13:15:43.609,1.31058,1.31074,1.00,2.51
2018.01.30 13:15:49.588,1.31058,1.31074,1.00,2.51
2018.01.30 13:15:51.407,1.31058,1.31074,1.00,2.89
2018.01.30 13:15:51.560,1.31053,1.3107,2.44,1.70
2018.01.30 13:15:51.765,1.31052,1.31067,1.00,1.39
2018.01.30 13:15:52.069,1.31052,1.31067,1.00,3.64
2018.01.30 13:15:53.284,1.31049,1.31066,1.88,1.57
2018.01.30 13:15:53.489,1.31049,1.31063,1.00,1.01
2018.01.30 13:15:54.021,1.31049,1.31063,1.00,1.39
2018.01.30 13:15:54.588,1.31048,1.31063,1.00,2.51
2018.01.30 13:15:55.196,1.31048,1.31063,1.00,2.51
2018.01.30 13:15:56.145,1.31048,1.31063,1.00,2.14
2018.01.30 13:15:56.617,1.31048,1.31061,1.00,1.00
2018.01.30 13:15:56.924,1.31048,1.31061,1.00,1.45
2018.01.30 13:15:57.447,1.31047,1.31061,1.00,1.45
2018.01.30 13:15:57.618,1.31045,1.31061,1.25,1.20
2018.01.30 13:15:57.872,1.31047,1.31062,1.00,1.45
2018.01.30 13:15:57.922,1.31047,1.31062,1.12,1.10
2018.01.30 13:15:58.180,1.31049,1.31063,1.13,1.45
2018.01.30 13:15:58.281,1.31049,1.31063,1.00,1.10
2018.01.30 13:16:12.476,1.31047,1.31064,1.44,3.45
2018.01.30 13:16:13.183,1.31047,1.31064,1.25,3.45
2018.01.30 13:16:16.451,1.31047,1.31064,1.00,3.07
2018.01.30 13:16:18.137,1.31047,1.31064,2.14,2.70
2018.01.30 13:16:18.240,1.3105,1.31065,1.00,1.10
2018.01.30 13:16:22.344,1.3105,1.31065,1.63,1.00
2018.01.30 13:16:22.764,1.3105,1.31065,1.00,1.45
2018.01.30 13:16:23.290,1.3105,1.31065,1.00,3.07
2018.01.30 13:16:23.826,1.3105,1.31065,1.25,1.57
2018.01.30 13:16:23.980,1.31051,1.31065,1.31,1.10
2018.01.30 13:16:24.580,1.31051,1.31065,1.81,1.10
2018.01.30 13:16:25.589,1.31052,1.31067,1.12,1.10
2018.01.30 13:16:25.641,1.31052,1.31068,1.88,1.20
2018.01.30 13:16:26.150,1.31052,1.31068,2.63,1.45
2018.01.30 13:16:26.763,1.31052,1.31068,3.75,1.10
2018.01.30 13:16:27.354,1.31052,1.31068,2.44,1.10
2018.01.30 13:16:29.546,1.31054,1.31069,1.13,1.10
2018.01.30 13:16:30.180,1.31054,1.3107,1.88,1.95
2018.01.30 13:16:30.698,1.31056,1.3107,1.13,1.20
2018.01.30 13:16:31.215,1.31057,1.31072,1.00,1.45
2018.01.30 13:16:31.267,1.31058,1.31073,1.00,1.20
2018.01.30 13:16:31.777,1.31059,1.31073,1.00,1.00
2018.01.30 13:16:32.635,1.31059,1.31074,1.00,1.57
2018.01.30 13:16:33.149,1.31059,1.31074,1.44,1.57
2018.01.30 13:16:34.598,1.31059,1.31074,1.25,1.57
2018.01.30 13:16:34.826,1.3106,1.31075,1.81,1.20
2018.01.30 13:16:34.979,1.31063,1.31077,1.00,1.07
2018.01.30 13:16:36.288,1.31063,1.31079,1.00,1.95
2018.01.30 13:16:36.799,1.31063,1.31079,1.25,1.95
2018.01.30 13:16:37.054,1.31063,1.31078,1.00,1.45
2018.01.30 13:16:38.253,1.31063,1.31078,1.00,1.76
2018.01.30 13:16:38.305,1.3106,1.31076,1.87,1.20
2018.01.30 13:16:38.460,1.3106,1.31075,1.00,1.45
2018.01.30 13:16:39.638,1.31058,1.31074,1.00,1.95
2018.01.30 13:16:39.741,1.31055,1.31072,1.88,1.20
2018.01.30 13:16:39.894,1.31055,1.31072,1.00,2.33
2018.01.30 13:16:42.537,1.31054,1.31071,2.44,1.45
2018.01.30 13:16:44.143,1.31053,1.31071,2.63,1.89
2018.01.30 13:16:44.672,1.31052,1.31068,1.25,1.95
2018.01.30 13:16:45.007,1.31051,1.31066,1.00,1.45
2018.01.30 13:16:50.124,1.31051,1.31066,1.00,1.20
2018.01.30 13:16:50.736,1.31051,1.31066,1.00,2.51
2018.01.30 13:16:57.567,1.3105,1.31066,1.00,1.95
2018.01.30 13:16:59.346,1.31049,1.31066,1.31,1.95
2018.01.30 13:17:00.112,1.31049,1.31066,1.69,2.14
2018.01.30 13:17:03.769,1.3105,1.31065,1.13,1.45
2018.01.30 13:17:05.566,1.3105,1.31066,1.00,1.95
2018.01.30 13:17:07.045,1.3105,1.31066,1.13,2.14
2018.01.30 13:17:07.386,1.31051,1.31067,2.44,1.20
2018.01.30 13:17:07.989,1.31051,1.31067,2.63,1.10
2018.01.30 13:17:08.520,1.31052,1.31067,1.62,1.20
2018.01.30 13:17:09.842,1.31052,1.31067,1.31,1.10
2018.01.30 13:17:12.662,1.31053,1.31067,1.31,1.20
2018.01.30 13:17:13.196,1.31053,1.31067,1.25,1.57
2018.01.30 13:17:13.588,1.31053,1.31067,1.00,1.95
2018.01.30 13:17:14.140,1.31053,1.31067,1.25,1.95
2018.01.30 13:17:14.448,1.31052,1.31067,1.44,2.70
2018.01.30 13:17:14.661,1.31051,1.31067,1.25,2.70
2018.01.30 13:17:16.093,1.31051,1.31064,1.00,1.20
2018.01.30 13:17:17.125,1.3105,1.31064,1.69,1.20
2018.01.30 13:17:20.136,1.31049,1.31063,1.00,1.10
2018.01.30 13:17:27.627,1.31048,1.31063,2.06,1.57
2018.01.30 13:17:28.432,1.31048,1.31063,2.25,1.57
2018.01.30 13:17:29.093,1.31048,1.31063,2.25,1.57
2018.01.30 13:17:29.754,1.31048,1.31063,2.25,1.57
2018.01.30 13:17:30.412,1.31048,1.31063,2.25,1.57
2018.01.30 13:17:41.155,1.31048,1.31063,1.87,1.45
2018.01.30 13:17:41.661,1.31048,1.31063,1.00,1.20
2018.01.30 13:17:42.412,1.31048,1.31063,1.00,1.01
2018.01.30 13:17:42.716,1.31047,1.31063,1.50,1.95
2018.01.30 13:17:44.260,1.31048,1.31063,1.00,2.14
2018.01.30 13:17:57.787,1.31047,1.31063,1.00,2.32
2018.01.30 13:17:57.889,1.31041,1.31056,2.25,1.00
2018.01.30 13:17:57.941,1.31041,1.31055,1.12,1.57
2018.01.30 13:17:58.144,1.31037,1.31053,1.00,1.45
2018.01.30 13:17:58.247,1.31035,1.3105,1.00,1.45
2018.01.30 13:18:00.238,1.31033,1.3105,1.88,2.33
2018.01.30 13:18:00.789,1.31033,1.31049,1.00,1.57
2018.01.30 13:18:01.298,1.31033,1.31047,1.00,1.20
2018.01.30 13:18:01.402,1.31031,1.31047,3.00,1.10
2018.01.30 13:18:02.239,1.31031,1.31047,3.19,1.10
2018.01.30 13:18:02.774,1.31031,1.31047,3.38,1.10
2018.01.30 13:18:03.400,1.31033,1.31047,1.00,1.20
2018.01.30 13:18:04.063,1.31032,1.31047,1.00,1.20
2018.01.30 13:18:06.053,1.31031,1.31047,1.00,1.20
2018.01.30 13:18:06.105,1.31031,1.31047,1.00,2.32
2018.01.30 13:18:06.609,1.31031,1.31047,1.13,2.14
2018.01.30 13:18:07.149,1.31031,1.31047,1.00,3.08
2018.01.30 13:18:08.104,1.3103,1.31047,1.50,3.08
2018.01.30 13:18:08.497,1.31029,1.31045,1.50,2.32
2018.01.30 13:18:09.050,1.31029,1.31045,1.50,2.51
2018.01.30 13:18:09.564,1.31029,1.31045,1.00,2.89
2018.01.30 13:18:10.113,1.31028,1.31043,1.00,1.45
2018.01.30 13:18:10.659,1.31028,1.31043,1.00,1.57
2018.01.30 13:18:11.809,1.31028,1.31044,1.00,2.14
2018.01.30 13:18:12.679,1.31028,1.31044,1.00,2.70
2018.01.30 13:18:13.196,1.31027,1.31043,1.50,1.57
2018.01.30 13:18:13.869,1.31027,1.31043,2.62,1.57
2018.01.30 13:18:14.175,1.31027,1.31043,2.44,2.70
2018.01.30 13:18:14.277,1.31027,1.31043,2.62,1.57
2018.01.30 13:18:16.770,1.31028,1.31043,1.00,1.00
2018.01.30 13:18:16.822,1.31028,1.31043,1.69,1.45
2018.01.30 13:18:16.924,1.31029,1.31043,1.00,1.10
2018.01.30 13:18:17.608,1.3103,1.31045,1.00,1.57
2018.01.30 13:18:18.484,1.3103,1.31045,1.00,1.57
2018.01.30 13:18:19.189,1.31031,1.31045,1.00,1.57
2018.01.30 13:18:19.758,1.31031,1.31045,1.00,1.20
2018.01.30 13:18:20.443,1.31031,1.31045,1.00,1.95
2018.01.30 13:18:23.421,1.31031,1.31047,1.69,2.89
2018.01.30 13:18:23.969,1.31031,1.31047,1.87,2.89
2018.01.30 13:18:29.001,1.31031,1.31046,2.44,1.45
2018.01.30 13:18:30.113,1.31031,1.31048,1.69,2.70
2018.01.30 13:18:30.745,1.31031,1.31048,1.87,2.89
2018.01.30 13:18:31.908,1.31031,1.31046,1.87,1.45
2018.01.30 13:18:32.144,1.31031,1.31048,1.87,2.89
2018.01.30 13:18:32.246,1.31031,1.31047,1.87,1.45
2018.01.30 13:18:32.777,1.31031,1.31046,1.87,1.45
2018.01.30 13:18:33.968,1.31031,1.31046,1.87,1.45
2018.01.30 13:18:35.193,1.31031,1.31048,1.50,3.07
2018.01.30 13:18:35.636,1.31031,1.31046,1.69,1.45
2018.01.30 13:18:35.950,1.31031,1.31048,1.50,3.07
2018.01.30 13:18:36.183,1.31031,1.31046,1.69,1.57
2018.01.30 13:18:36.579,1.31031,1.31046,1.25,1.07
2018.01.30 13:18:36.681,1.3103,1.31046,1.00,2.70
2018.01.30 13:18:37.188,1.31029,1.31044,1.50,1.45
2018.01.30 13:18:37.909,1.31028,1.31044,2.62,1.70
2018.01.30 13:18:38.396,1.31027,1.31043,1.50,1.45
2018.01.30 13:18:38.498,1.31027,1.31044,1.50,1.58
2018.01.30 13:18:38.816,1.31027,1.31043,1.50,1.57
2018.01.30 13:18:40.148,1.31027,1.31043,1.50,1.07
2018.01.30 13:18:40.250,1.31027,1.31043,1.50,1.45
2018.01.30 13:18:41.222,1.31027,1.31044,1.50,2.51
2018.01.30 13:18:41.273,1.31027,1.31044,1.50,3.64
2018.01.30 13:18:41.794,1.31027,1.31044,1.50,2.70
2018.01.30 13:18:42.163,1.31025,1.31036,1.00,1.10
2018.01.30 13:18:42.214,1.31022,1.31036,1.00,1.45
2018.01.30 13:18:42.318,1.31021,1.31035,1.00,1.95
2018.01.30 13:18:42.649,1.31016,1.3103,1.37,1.00
2018.01.30 13:18:42.753,1.31016,1.31032,1.50,1.57
2018.01.30 13:18:43.730,1.31017,1.31032,1.00,1.39
2018.01.30 13:18:44.601,1.31017,1.31032,1.00,1.10
2018.01.30 13:18:44.704,1.31016,1.31032,3.38,1.45
2018.01.30 13:18:44.825,1.31016,1.31032,3.26,1.10
2018.01.30 13:18:45.081,1.31018,1.31033,2.81,1.10
2018.01.30 13:18:45.582,1.31019,1.31034,1.31,1.45
2018.01.30 13:18:45.905,1.3102,1.31036,2.44,1.57
2018.01.30 13:18:46.331,1.31022,1.31036,1.00,1.57
2018.01.30 13:18:46.981,1.31022,1.31036,1.44,2.32
2018.01.30 13:18:47.551,1.31022,1.31036,1.44,1.20
2018.01.30 13:18:48.076,1.31022,1.31036,1.69,1.20
2018.01.30 13:18:49.801,1.31022,1.31036,1.87,1.20
2018.01.30 13:18:50.335,1.31022,1.31036,1.69,1.20
2018.01.30 13:18:51.011,1.31022,1.31036,1.69,1.10
2018.01.30 13:18:51.317,1.31022,1.31036,1.13,1.45
2018.01.30 13:18:51.901,1.31022,1.31036,1.44,1.20
2018.01.30 13:18:52.412,1.31022,1.31036,1.00,1.95
2018.01.30 13:18:52.917,1.31022,1.31037,1.88,1.45
2018.01.30 13:18:53.432,1.31022,1.31037,1.88,1.45
2018.01.30 13:18:53.580,1.31023,1.31038,1.25,1.76
2018.01.30 13:18:54.090,1.31023,1.31038,1.19,1.57
2018.01.30 13:18:54.612,1.31023,1.31038,1.69,1.45
2018.01.30 13:18:55.162,1.31024,1.3104,1.50,3.07
2018.01.30 13:18:55.702,1.31024,1.3104,2.06,2.32
2018.01.30 13:18:56.231,1.31024,1.3104,1.50,2.32
2018.01.30 13:18:56.772,1.31024,1.3104,2.06,2.32
2018.01.30 13:19:02.680,1.31024,1.31039,1.50,1.20
2018.01.30 13:19:02.885,1.31023,1.31039,1.00,2.70
2018.01.30 13:19:03.620,1.31023,1.31039,1.00,3.08
2018.01.30 13:19:09.776,1.31023,1.31039,1.00,2.89
2018.01.30 13:19:10.292,1.31023,1.31039,1.25,2.14
2018.01.30 13:19:10.948,1.31023,1.31039,1.25,2.14
2018.01.30 13:19:11.000,1.31023,1.31039,1.13,1.20
2018.01.30 13:19:11.508,1.31023,1.31039,1.00,2.33
2018.01.30 13:19:11.901,1.31023,1.31038,1.25,1.57
2018.01.30 13:19:12.145,1.31023,1.31039,1.25,3.08
2018.01.30 13:19:12.888,1.31022,1.31038,2.81,1.20
2018.01.30 13:19:13.610,1.31022,1.31038,3.00,1.45
2018.01.30 13:19:14.147,1.31022,1.31038,2.81,1.95
2018.01.30 13:19:15.187,1.31022,1.31039,3.00,1.95
2018.01.30 13:19:15.792,1.31022,1.31039,3.00,1.95
2018.01.30 13:19:16.294,1.31024,1.31039,1.00,1.45
2018.01.30 13:19:16.809,1.31024,1.31039,1.00,1.57
2018.01.30 13:19:17.539,1.31024,1.31039,1.88,1.45
2018.01.30 13:19:17.744,1.31024,1.3104,1.69,1.57
2018.01.30 13:19:18.348,1.31024,1.3104,1.88,2.14
2018.01.30 13:19:18.896,1.31024,1.3104,1.69,2.32
2018.01.30 13:19:19.449,1.31024,1.3104,2.06,2.32
2018.01.30 13:19:20.123,1.31024,1.3104,1.87,2.32
2018.01.30 13:19:20.667,1.31024,1.3104,1.87,1.45
2018.01.30 13:19:22.166,1.31024,1.3104,2.63,1.45
2018.01.30 13:19:22.320,1.31025,1.31041,1.50,1.39
2018.01.30 13:19:22.833,1.31026,1.31041,1.50,1.10
2018.01.30 13:19:22.986,1.31026,1.31041,1.00,1.45
2018.01.30 13:19:23.287,1.31027,1.31042,1.25,1.39
2018.01.30 13:19:23.845,1.31027,1.31042,1.25,1.10
2018.01.30 13:19:24.309,1.31029,1.31043,1.00,1.20
2018.01.30 13:19:24.640,1.3103,1.31046,1.69,1.39
2018.01.30 13:19:25.158,1.3103,1.31046,2.62,1.45
2018.01.30 13:19:25.680,1.31031,1.31046,1.00,1.45
2018.01.30 13:19:26.277,1.31031,1.31046,1.25,1.20
2018.01.30 13:19:27.589,1.31031,1.31046,1.50,1.10
2018.01.30 13:19:30.022,1.31029,1.31046,1.50,2.89
2018.01.30 13:19:30.380,1.31028,1.31042,1.00,1.76
2018.01.30 13:19:30.692,1.31028,1.3104,1.00,1.20
2018.01.30 13:19:30.743,1.31025,1.3104,1.00,1.20
2018.01.30 13:19:31.293,1.31025,1.3104,1.00,1.10
2018.01.30 13:19:32.048,1.31023,1.3104,1.69,1.45
2018.01.30 13:19:32.614,1.31024,1.3104,1.50,1.57
2018.01.30 13:19:32.783,1.31022,1.31038,2.06,1.10
2018.01.30 13:19:32.834,1.31022,1.31038,1.00,1.95
2018.01.30 13:19:33.168,1.31022,1.31037,1.13,1.57
2018.01.30 13:19:33.821,1.31022,1.31037,1.19,1.57
2018.01.30 13:19:34.515,1.31022,1.31038,1.69,2.32
2018.01.30 13:19:37.359,1.31022,1.31038,1.88,1.20
2018.01.30 13:19:37.471,1.31022,1.31038,1.50,2.32
2018.01.30 13:19:38.230,1.31022,1.31037,1.50,1.45
2018.01.30 13:19:39.025,1.31021,1.31037,2.25,1.45
2018.01.30 13:19:39.598,1.31021,1.31036,1.00,1.45
2018.01.30 13:19:40.575,1.3102,1.31036,1.00,4.01
2018.01.30 13:19:41.126,1.31019,1.31035,1.00,1.01
2018.01.30 13:19:43.624,1.31019,1.31035,1.00,1.39
2018.01.30 13:19:44.687,1.31019,1.31035,1.87,1.20
2018.01.30 13:19:46.572,1.31019,1.31035,1.87,1.20
2018.01.30 13:19:47.162,1.31019,1.31035,2.06,1.20
2018.01.30 13:19:47.686,1.3102,1.31036,1.87,1.95
2018.01.30 13:19:48.201,1.3102,1.31036,1.25,1.95
2018.01.30 13:19:54.085,1.3102,1.31036,1.69,1.57
2018.01.30 13:19:55.116,1.31021,1.31036,1.44,1.45
2018.01.30 13:19:55.321,1.31022,1.31038,2.44,1.20
2018.01.30 13:19:55.847,1.31022,1.31038,2.25,1.20
2018.01.30 13:19:56.430,1.31023,1.31039,1.50,2.70
2018.01.30 13:19:59.454,1.31023,1.31037,1.00,1.20
2018.01.30 13:20:00.185,1.31023,1.3104,2.25,3.82
2018.01.30 13:20:00.723,1.31024,1.3104,1.00,1.95
2018.01.30 13:20:06.093,1.31024,1.3104,2.44,3.07
2018.01.30 13:20:06.599,1.31024,1.3104,3.19,3.07
2018.01.30 13:20:07.597,1.31024,1.3104,3.37,1.45
2018.01.30 13:20:08.336,1.31027,1.31042,1.50,3.07
2018.01.30 13:20:08.491,1.31031,1.31047,1.00,2.89
2018.01.30 13:20:09.011,1.31032,1.31047,1.00,1.20
2018.01.30 13:20:10.395,1.31032,1.31048,1.69,1.76
2018.01.30 13:20:10.446,1.31036,1.31048,1.00,1.45
2018.01.30 13:20:10.497,1.31036,1.31049,1.00,1.07
2018.01.30 13:20:11.123,1.31038,1.31053,1.00,1.45
2018.01.30 13:20:11.227,1.31039,1.31056,1.00,2.51
2018.01.30 13:20:11.379,1.31041,1.31056,1.00,2.51
2018.01.30 13:20:11.430,1.31041,1.31056,1.50,1.10
2018.01.30 13:20:11.905,1.31044,1.31058,1.00,1.45
2018.01.30 13:20:11.956,1.31044,1.31059,1.00,1.45
2018.01.30 13:20:12.057,1.31045,1.31059,1.00,1.20
2018.01.30 13:20:13.288,1.31045,1.31062,1.12,1.76
2018.01.30 13:20:14.183,1.31045,1.31062,1.50,1.95
2018.01.30 13:20:14.723,1.31047,1.31062,1.00,1.70
2018.01.30 13:20:17.627,1.31047,1.31062,1.50,1.20
2018.01.30 13:20:23.991,1.31047,1.31062,1.00,2.32
2018.01.30 13:20:24.144,1.31045,1.3106,1.00,1.01
2018.01.30 13:20:24.196,1.31042,1.31059,1.87,1.76
2018.01.30 13:20:24.299,1.31042,1.31059,1.00,1.57
2018.01.30 13:20:25.061,1.31042,1.31059,1.00,1.95
2018.01.30 13:20:25.345,1.31042,1.31058,1.00,1.45
2018.01.30 13:20:25.595,1.31042,1.31059,1.00,1.76
2018.01.30 13:20:26.570,1.31042,1.31059,1.00,2.70
2018.01.30 13:20:27.103,1.31042,1.31059,1.44,2.14
2018.01.30 13:20:27.622,1.31042,1.31059,2.25,2.14
2018.01.30 13:20:28.160,1.31043,1.3106,1.69,2.32
2018.01.30 13:20:28.917,1.31043,1.3106,3.00,1.20
2018.01.30 13:20:28.968,1.31043,1.3106,3.19,1.20
2018.01.30 13:20:29.510,1.31044,1.31061,1.88,1.58
2018.01.30 13:20:30.084,1.31044,1.31061,3.19,1.20
2018.01.30 13:20:30.628,1.31045,1.31062,1.25,1.45
2018.01.30 13:20:31.226,1.31047,1.31062,1.00,1.95
2018.01.30 13:20:32.130,1.31047,1.31062,1.00,1.58
2018.01.30 13:20:33.966,1.31047,1.31062,1.19,1.20
2018.01.30 13:20:34.538,1.31047,1.31062,1.25,1.39
2018.01.30 13:20:35.323,1.31047,1.31062,1.50,1.45
2018.01.30 13:20:35.426,1.31047,1.31062,1.88,1.10
2018.01.30 13:20:35.928,1.31047,1.31062,1.50,1.20
2018.01.30 13:20:39.036,1.31047,1.31062,1.00,1.76
2018.01.30 13:20:39.117,1.31047,1.31061,1.00,1.45
2018.01.30 13:20:39.852,1.31047,1.31061,1.00,1.45
2018.01.30 13:20:40.189,1.31045,1.3106,1.00,1.39
2018.01.30 13:20:40.292,1.31045,1.3106,1.00,2.14
2018.01.30 13:20:40.862,1.31045,1.3106,1.00,1.89
2018.01.30 13:20:41.199,1.31045,1.31059,1.00,1.45
2018.01.30 13:20:41.750,1.31045,1.3106,1.00,2.51
2018.01.30 13:20:42.056,1.31042,1.31058,2.25,1.45
2018.01.30 13:20:43.047,1.31042,1.31057,1.00,1.45
2018.01.30 13:20:48.021,1.31042,1.31057,1.00,1.20
2018.01.30 13:20:51.316,1.31042,1.31057,1.00,1.45
2018.01.30 13:20:55.545,1.31042,1.31056,1.00,1.20
2018.01.30 13:20:56.863,1.31039,1.31055,1.50,1.58
2018.01.30 13:20:57.912,1.31039,1.31055,1.00,1.70
2018.01.30 13:20:58.495,1.31039,1.31054,1.00,1.01
2018.01.30 13:20:59.138,1.31037,1.31054,1.50,2.33
2018.01.30 13:21:01.246,1.31037,1.31053,2.62,1.45
2018.01.30 13:21:02.671,1.31037,1.31053,1.50,1.95
2018.01.30 13:21:02.832,1.31037,1.31053,1.50,2.89
2018.01.30 13:21:03.636,1.31036,1.31051,1.00,1.39
2018.01.30 13:21:04.260,1.31036,1.31049,1.00,1.00
2018.01.30 13:21:04.530,1.31031,1.31047,1.00,2.32
2018.01.30 13:21:04.953,1.31031,1.31046,1.00,4.20
2018.01.30 13:21:05.629,1.31029,1.31046,1.50,3.83
2018.01.30 13:21:06.092,1.31029,1.31044,1.00,1.57
2018.01.30 13:21:06.606,1.31029,1.31045,1.00,2.70
2018.01.30 13:21:07.108,1.31028,1.31045,1.00,4.39
2018.01.30 13:21:07.496,1.31027,1.31043,1.00,1.45
2018.01.30 13:21:07.597,1.31025,1.31039,1.69,1.00
2018.01.30 13:21:08.126,1.31025,1.31039,1.00,1.20
2018.01.30 13:21:08.662,1.31024,1.31039,1.00,1.57
2018.01.30 13:21:09.163,1.31024,1.31039,1.00,1.76
2018.01.30 13:21:09.881,1.31021,1.31037,1.50,1.58
2018.01.30 13:21:09.933,1.31021,1.31037,1.00,3.08
2018.01.30 13:21:10.384,1.31018,1.31034,1.00,2.14
2018.01.30 13:21:10.637,1.31017,1.31033,1.00,1.45
2018.01.30 13:21:11.420,1.31016,1.31033,1.88,1.57
2018.01.30 13:21:12.050,1.31017,1.31033,1.12,1.95
2018.01.30 13:21:12.609,1.31016,1.31032,1.00,1.76
2018.01.30 13:21:13.436,1.31015,1.31031,2.25,1.20
2018.01.30 13:21:15.020,1.31015,1.31029,1.00,1.95
2018.01.30 13:21:15.074,1.31012,1.31029,1.00,1.95
2018.01.30 13:21:15.232,1.31011,1.31028,2.44,1.45
2018.01.30 13:21:15.286,1.31011,1.31028,1.50,1.45
2018.01.30 13:21:15.891,1.31011,1.31028,1.69,1.95
2018.01.30 13:21:16.428,1.31011,1.31028,1.31,1.57
2018.01.30 13:21:17.245,1.31011,1.31027,1.31,1.57
2018.01.30 13:21:17.865,1.31011,1.31027,1.50,1.57
2018.01.30 13:21:19.013,1.31011,1.31027,1.69,1.57
2018.01.30 13:21:19.565,1.31012,1.31028,1.62,1.57
2018.01.30 13:21:20.175,1.31012,1.31028,1.31,1.20
2018.01.30 13:21:20.852,1.31013,1.31029,1.44,2.51
2018.01.30 13:21:21.400,1.31013,1.31029,1.44,3.45
2018.01.30 13:21:21.884,1.31013,1.31029,1.69,1.20
2018.01.30 13:21:22.036,1.31014,1.31029,2.06,1.45
2018.01.30 13:21:22.087,1.31015,1.3103,1.69,1.45
2018.01.30 13:21:22.188,1.31016,1.31032,1.69,1.57
2018.01.30 13:21:22.529,1.3102,1.31033,1.00,1.07
2018.01.30 13:21:22.885,1.31018,1.31033,1.13,1.00
2018.01.30 13:21:23.393,1.31019,1.31033,1.00,1.00
2018.01.30 13:21:24.352,1.3102,1.31036,1.00,2.32
2018.01.30 13:21:25.292,1.3102,1.31036,1.31,1.20
2018.01.30 13:21:25.809,1.3102,1.31036,1.13,1.20
2018.01.30 13:21:26.323,1.3102,1.31036,1.87,1.20
2018.01.30 13:21:26.830,1.31022,1.31038,1.00,2.32
2018.01.30 13:21:27.084,1.31022,1.31038,3.19,1.20
2018.01.30 13:21:27.135,1.31023,1.31038,2.81,1.20
2018.01.30 13:21:27.346,1.31023,1.31038,2.44,1.10
2018.01.30 13:21:27.960,1.31025,1.3104,1.00,2.32
2018.01.30 13:21:28.062,1.31025,1.3104,1.00,1.20
2018.01.30 13:21:29.668,1.31025,1.3104,1.19,1.20
2018.01.30 13:21:30.428,1.31026,1.3104,1.00,1.10
2018.01.30 13:21:31.938,1.31026,1.31043,1.88,4.20
2018.01.30 13:21:32.093,1.31026,1.31043,1.88,1.20
2018.01.30 13:21:33.003,1.31027,1.31044,1.12,2.14
2018.01.30 13:21:33.662,1.31028,1.31045,1.00,1.57
2018.01.30 13:21:34.186,1.31028,1.31046,1.13,4.76
2018.01.30 13:21:34.532,1.3103,1.31046,1.00,1.45
2018.01.30 13:21:34.637,1.3103,1.31047,1.12,1.45
2018.01.30 13:21:35.940,1.31033,1.31048,1.44,1.95
2018.01.30 13:21:36.348,1.31033,1.31049,1.00,2.70
2018.01.30 13:21:36.892,1.31033,1.31049,1.00,2.70
2018.01.30 13:21:37.593,1.31033,1.31049,1.00,2.70
2018.01.30 13:21:39.260,1.31033,1.31049,1.00,1.95
2018.01.30 13:21:39.895,1.31033,1.31049,1.50,1.95
2018.01.30 13:21:40.434,1.31033,1.31049,4.01,1.10
2018.01.30 13:21:40.979,1.31033,1.31049,3.26,1.10
2018.01.30 13:21:41.615,1.3103,1.31039,1.50,1.00
2018.01.30 13:21:41.667,1.31028,1.31038,1.12,1.87
2018.01.30 13:21:41.718,1.31028,1.31037,1.00,1.45
2018.01.30 13:21:41.769,1.31022,1.31035,2.25,1.45
2018.01.30 13:21:41.820,1.3102,1.31035,1.50,2.32
2018.01.30 13:21:41.871,1.3102,1.31035,1.00,1.95
2018.01.30 13:21:41.972,1.31021,1.31035,1.00,1.45
2018.01.30 13:21:42.110,1.31019,1.31034,1.69,1.45
2018.01.30 13:21:42.161,1.31022,1.31034,1.00,1.95
2018.01.30 13:21:42.365,1.31019,1.31036,1.31,1.95
2018.01.30 13:21:42.417,1.31025,1.31035,1.50,2.70
2018.01.30 13:21:42.519,1.31022,1.31036,1.00,1.95
2018.01.30 13:21:42.878,1.31022,1.31037,1.25,2.70
2018.01.30 13:21:42.979,1.31022,1.31037,1.25,1.20
2018.01.30 13:21:43.081,1.31022,1.31037,1.25,1.95
2018.01.30 13:21:43.184,1.31021,1.31037,2.06,1.57
2018.01.30 13:21:43.696,1.31021,1.31037,2.06,1.45
2018.01.30 13:21:44.315,1.31021,1.31037,1.87,1.45
2018.01.30 13:21:44.826,1.31021,1.31037,2.25,1.57
2018.01.30 13:21:44.975,1.31021,1.31038,2.25,3.45
2018.01.30 13:21:45.571,1.31021,1.31035,1.25,1.10
2018.01.30 13:21:45.725,1.31021,1.31035,1.25,1.95
2018.01.30 13:21:47.219,1.31017,1.31034,1.12,3.07
2018.01.30 13:21:47.270,1.31017,1.31032,1.12,1.45
2018.01.30 13:21:47.801,1.31016,1.3103,1.00,1.45
2018.01.30 13:21:48.318,1.31016,1.3103,1.00,1.95
2018.01.30 13:21:48.530,1.31014,1.31029,1.00,1.57
2018.01.30 13:21:49.456,1.31014,1.31028,1.00,1.57
2018.01.30 13:21:49.508,1.31012,1.31026,1.00,1.45
2018.01.30 13:21:49.815,1.31012,1.31025,1.00,1.45
2018.01.30 13:21:50.324,1.31012,1.31025,1.00,1.57
2018.01.30 13:21:52.543,1.31012,1.31025,1.00,1.57
2018.01.30 13:21:52.696,1.31012,1.31026,1.00,1.45
2018.01.30 13:21:54.306,1.31012,1.31027,1.00,1.10
2018.01.30 13:21:57.949,1.31013,1.31027,1.00,1.00
2018.01.30 13:21:58.479,1.31013,1.31029,1.25,1.39
2018.01.30 13:21:58.683,1.31016,1.31031,1.31,1.47
2018.01.30 13:21:58.991,1.31019,1.31032,1.00,1.00
2018.01.30 13:21:59.751,1.3102,1.31032,1.00,1.00
2018.01.30 13:22:00.318,1.31017,1.31032,2.25,1.00
2018.01.30 13:22:13.819,1.31017,1.31032,1.00,1.47
2018.01.30 13:22:13.871,1.31017,1.31029,1.00,1.00
2018.01.30 13:22:13.922,1.31014,1.31029,1.00,1.00
2018.01.30 13:22:13.974,1.31012,1.31027,1.00,1.25
2018.01.30 13:22:14.077,1.3101,1.31027,1.87,1.76
2018.01.30 13:22:14.179,1.31009,1.31025,1.37,1.39
2018.01.30 13:22:14.702,1.31009,1.31025,1.00,1.76
2018.01.30 13:22:18.529,1.31009,1.31025,1.50,1.01
2018.01.30 13:22:19.234,1.31009,1.31025,1.50,1.20
2018.01.30 13:22:23.031,1.31009,1.31025,1.50,1.39
2018.01.30 13:22:23.234,1.31011,1.31028,1.31,1.10
2018.01.30 13:22:23.405,1.31013,1.31028,1.31,1.00
2018.01.30 13:22:23.920,1.31013,1.31028,1.13,1.00
2018.01.30 13:22:24.427,1.31013,1.31028,1.31,1.00
2018.01.30 13:22:24.731,1.31013,1.3103,1.31,1.10
2018.01.30 13:22:29.285,1.31013,1.3103,2.06,1.00
2018.01.30 13:22:29.802,1.31014,1.3103,1.31,1.00
2018.01.30 13:22:30.358,1.31014,1.3103,1.87,1.00
2018.01.30 13:22:32.558,1.31014,1.31028,1.00,1.00
2018.01.30 13:22:33.146,1.31013,1.31028,1.00,1.00
2018.01.30 13:22:33.489,1.31013,1.31027,1.00,1.45
2018.01.30 13:22:36.635,1.31013,1.31028,1.00,1.20
2018.01.30 13:22:38.184,1.31013,1.31028,1.00,1.57
2018.01.30 13:22:40.383,1.31013,1.31028,1.00,2.32
2018.01.30 13:22:41.381,1.31014,1.31028,1.00,1.20
2018.01.30 13:22:41.978,1.31014,1.31028,1.00,1.10
2018.01.30 13:22:42.180,1.31014,1.31028,1.37,1.10
2018.01.30 13:22:42.716,1.31014,1.3103,2.06,1.45
2018.01.30 13:22:43.389,1.31014,1.3103,2.06,1.45
2018.01.30 13:22:43.992,1.31014,1.3103,2.06,1.45
2018.01.30 13:22:46.054,1.31014,1.31029,2.06,1.10
2018.01.30 13:22:46.587,1.31014,1.31029,1.50,1.10
2018.01.30 13:22:47.693,1.31014,1.31029,1.87,1.95
2018.01.30 13:22:48.202,1.31014,1.31029,1.50,2.70
2018.01.30 13:22:49.169,1.31014,1.31029,1.50,2.70
2018.01.30 13:22:52.456,1.31014,1.31029,1.50,1.95
2018.01.30 13:22:54.506,1.31014,1.31028,1.00,1.45
2018.01.30 13:22:54.710,1.31012,1.31028,2.25,1.95
2018.01.30 13:22:57.389,1.31012,1.31027,2.06,1.10
2018.01.30 13:22:57.440,1.31012,1.31027,2.25,1.10
2018.01.30 13:22:59.118,1.31013,1.31029,1.25,2.70
2018.01.30 13:23:02.976,1.31013,1.31029,1.44,2.70
2018.01.30 13:23:03.727,1.31013,1.31029,1.25,2.70
2018.01.30 13:23:04.113,1.31015,1.31029,1.00,3.07
2018.01.30 13:23:06.252,1.31015,1.31029,1.25,2.70
2018.01.30 13:23:06.797,1.31015,1.31029,1.00,1.95
2018.01.30 13:23:15.946,1.31015,1.31029,1.25,1.45
2018.01.30 13:23:16.487,1.31015,1.31029,1.25,1.10
2018.01.30 13:23:17.156,1.31015,1.31029,2.06,1.20
2018.01.30 13:23:17.843,1.31015,1.31031,2.06,2.32
2018.01.30 13:23:18.350,1.31016,1.31031,1.00,2.32
2018.01.30 13:23:20.035,1.31016,1.3103,1.00,1.45
2018.01.30 13:23:20.588,1.31016,1.3103,1.00,1.45
2018.01.30 13:23:22.692,1.31015,1.31031,1.87,2.32
2018.01.30 13:23:23.130,1.31015,1.31031,1.00,1.95
2018.01.30 13:23:23.951,1.31015,1.31031,1.00,1.45
2018.01.30 13:23:24.622,1.31015,1.31031,1.00,1.20
2018.01.30 13:23:25.268,1.31015,1.31031,1.25,1.95
2018.01.30 13:23:26.552,1.31015,1.31031,1.00,2.32
2018.01.30 13:23:30.615,1.31015,1.31031,1.44,1.95
2018.01.30 13:23:31.134,1.31015,1.31031,1.25,1.20
2018.01.30 13:23:31.738,1.31015,1.31031,1.87,1.20
2018.01.30 13:23:39.586,1.31016,1.31031,1.00,1.45
2018.01.30 13:23:39.689,1.31017,1.31032,1.25,1.20
2018.01.30 13:23:40.049,1.31019,1.31032,1.00,1.20
2018.01.30 13:23:41.526,1.31019,1.31032,1.50,1.10
2018.01.30 13:23:42.578,1.3102,1.31036,1.50,1.57
2018.01.30 13:23:42.629,1.3102,1.31036,2.06,1.57
2018.01.30 13:23:42.681,1.31022,1.31037,1.00,2.32
2018.01.30 13:23:43.213,1.31022,1.31039,1.87,2.32
2018.01.30 13:23:43.751,1.31022,1.31039,1.87,2.32
2018.01.30 13:23:44.594,1.31022,1.31039,2.62,1.57
2018.01.30 13:23:46.433,1.31022,1.31039,2.81,1.20
2018.01.30 13:23:46.940,1.31022,1.31039,2.81,1.20
2018.01.30 13:23:47.724,1.31022,1.31039,2.62,1.20
2018.01.30 13:23:48.326,1.31023,1.31039,1.69,1.20
2018.01.30 13:23:48.836,1.31025,1.31039,1.25,1.20
2018.01.30 13:23:49.572,1.31025,1.31039,1.00,1.45
2018.01.30 13:23:50.190,1.31025,1.31039,1.00,1.20
2018.01.30 13:23:55.403,1.31025,1.31039,1.87,1.20
2018.01.30 13:23:55.950,1.31025,1.31039,2.06,1.20
2018.01.30 13:23:56.386,1.31026,1.3104,1.00,1.10
2018.01.30 13:23:57.441,1.31027,1.3104,1.00,1.10
2018.01.30 13:23:59.214,1.31027,1.31043,2.25,1.07
2018.01.30 13:23:59.265,1.31029,1.31044,1.00,2.32
2018.01.30 13:23:59.820,1.31031,1.31045,1.00,1.45
2018.01.30 13:24:00.426,1.31031,1.31046,1.00,1.95
2018.01.30 13:24:01.004,1.31031,1.31046,1.87,1.20
2018.01.30 13:24:01.872,1.31031,1.31046,1.87,1.10
2018.01.30 13:24:04.989,1.31031,1.31046,1.87,1.07
2018.01.30 13:24:05.585,1.31031,1.31046,1.12,1.45
2018.01.30 13:24:06.475,1.31031,1.31046,1.00,2.32
2018.01.30 13:24:07.354,1.31031,1.31046,1.00,1.89
2018.01.30 13:24:07.705,1.31031,1.31045,1.00,3.07
2018.01.30 13:24:08.674,1.31027,1.31043,1.50,1.76
2018.01.30 13:24:10.090,1.31025,1.3104,1.00,1.25
2018.01.30 13:24:10.143,1.31025,1.31038,1.00,1.00
2018.01.30 13:24:10.243,1.31023,1.31038,1.12,1.00
2018.01.30 13:24:10.346,1.31022,1.31037,1.37,1.76
2018.01.30 13:24:10.600,1.3102,1.31035,1.12,1.51
2018.01.30 13:24:10.809,1.31018,1.31032,1.37,1.07
2018.01.30 13:24:11.113,1.31018,1.31032,1.37,2.32
2018.01.30 13:24:11.260,1.31018,1.31032,1.00,2.32
2018.01.30 13:24:11.468,1.31016,1.31032,1.31,2.32
2018.01.30 13:24:12.029,1.31016,1.31031,1.00,1.45
2018.01.30 13:24:18.255,1.31016,1.3103,1.00,1.07
2018.01.30 13:24:18.805,1.31016,1.3103,1.12,1.10
2018.01.30 13:24:19.348,1.31016,1.3103,1.44,1.10
2018.01.30 13:24:23.631,1.31017,1.3103,1.44,1.00
2018.01.30 13:24:24.424,1.31017,1.31034,2.81,1.20
2018.01.30 13:24:25.023,1.31017,1.31034,2.44,1.20
2018.01.30 13:24:25.526,1.31017,1.31034,2.44,1.20
2018.01.30 13:24:26.049,1.31017,1.31034,2.44,1.20
2018.01.30 13:24:26.577,1.31017,1.31034,3.00,1.20
2018.01.30 13:24:30.171,1.3102,1.31034,1.00,1.20
2018.01.30 13:24:37.039,1.3102,1.31037,1.12,3.45
2018.01.30 13:24:37.608,1.3102,1.31037,1.31,2.70
2018.01.30 13:24:38.221,1.3102,1.31037,1.12,2.70
2018.01.30 13:24:40.207,1.31021,1.31038,1.00,1.57
2018.01.30 13:24:40.717,1.31021,1.31039,2.25,3.07
2018.01.30 13:24:41.889,1.31023,1.31039,1.00,3.07
2018.01.30 13:24:42.251,1.31021,1.31038,1.50,1.26
2018.01.30 13:24:42.355,1.3102,1.31036,1.12,1.89
2018.01.30 13:24:42.716,1.31018,1.31034,2.06,1.20
2018.01.30 13:24:43.218,1.31018,1.31034,1.37,1.20
2018.01.30 13:24:43.270,1.31018,1.31034,1.00,1.20
2018.01.30 13:24:43.794,1.31018,1.31034,1.00,1.58
2018.01.30 13:24:43.997,1.31017,1.31033,1.00,3.26
2018.01.30 13:24:45.028,1.31015,1.31032,1.50,1.76
2018.01.30 13:24:45.534,1.31014,1.31028,1.00,1.10
2018.01.30 13:24:45.910,1.31014,1.31028,1.00,1.20
2018.01.30 13:24:46.293,1.31012,1.31028,1.88,1.20
2018.01.30 13:24:46.851,1.31012,1.31026,1.00,1.20
2018.01.30 13:24:50.077,1.31011,1.31026,1.00,1.20
2018.01.30 13:25:00.021,1.31011,1.31027,1.87,1.07
2018.01.30 13:25:03.879,1.31011,1.31027,2.06,1.07
2018.01.30 13:25:04.567,1.31011,1.31027,1.87,1.07
2018.01.30 13:25:05.119,1.31011,1.31027,2.25,1.07
2018.01.30 13:25:06.080,1.31011,1.31027,1.87,1.07
2018.01.30 13:25:08.190,1.31011,1.31027,2.25,1.20
2018.01.30 13:25:08.745,1.31011,1.31028,2.81,1.45
2018.01.30 13:25:09.613,1.31013,1.31028,1.12,1.10
2018.01.30 13:25:10.127,1.31013,1.31028,1.31,1.10
2018.01.30 13:25:10.722,1.31012,1.31028,1.62,1.07
2018.01.30 13:25:10.773,1.31014,1.3103,1.31,2.70
2018.01.30 13:25:11.277,1.31014,1.3103,2.06,2.70
2018.01.30 13:25:11.329,1.31014,1.3103,1.62,1.57
2018.01.30 13:25:12.946,1.31017,1.31032,1.44,1.07
2018.01.30 13:25:13.475,1.31017,1.31032,1.00,1.20
2018.01.30 13:25:17.518,1.31019,1.31034,1.00,3.26
2018.01.30 13:25:17.805,1.31023,1.3104,2.06,2.32
2018.01.30 13:25:17.856,1.31025,1.31039,1.00,1.10
2018.01.30 13:25:18.891,1.31025,1.3104,1.19,1.20
2018.01.30 13:25:20.567,1.31026,1.31041,1.25,1.07
2018.01.30 13:25:21.639,1.31026,1.31041,1.87,1.07
2018.01.30 13:25:22.149,1.31026,1.31041,1.87,1.10
2018.01.30 13:25:23.440,1.31026,1.31041,1.88,1.10
2018.01.30 13:25:23.491,1.31026,1.31041,1.12,1.07
2018.01.30 13:25:25.771,1.31026,1.31041,1.50,1.07
2018.01.30 13:25:26.857,1.31026,1.31041,1.69,1.10
2018.01.30 13:25:27.371,1.31026,1.31041,1.50,1.10
2018.01.30 13:25:27.932,1.31026,1.31041,1.50,1.10
2018.01.30 13:25:28.593,1.31028,1.31043,1.00,1.20
2018.01.30 13:25:30.299,1.31028,1.31044,1.00,1.95
2018.01.30 13:25:30.867,1.31028,1.31044,2.06,1.07
2018.01.30 13:25:31.394,1.31029,1.31046,1.50,1.45
2018.01.30 13:25:31.906,1.31029,1.31047,1.50,1.95
2018.01.30 13:25:34.394,1.31029,1.31047,2.06,1.58
2018.01.30 13:25:34.600,1.31031,1.31049,1.88,2.32
2018.01.30 13:25:35.194,1.31031,1.31049,2.06,2.32
2018.01.30 13:25:35.704,1.31032,1.31049,1.13,2.32
2018.01.30 13:25:36.596,1.31033,1.31049,1.25,1.95
2018.01.30 13:25:36.787,1.31033,1.31049,3.56,1.20
2018.01.30 13:25:36.838,1.31035,1.31049,1.13,1.10
2018.01.30 13:25:37.411,1.31035,1.3105,1.13,1.20
2018.01.30 13:25:37.944,1.31035,1.3105,1.00,1.20
2018.01.30 13:25:39.749,1.31036,1.31052,1.00,1.95
2018.01.30 13:25:42.324,1.31034,1.3105,2.63,1.20
2018.01.30 13:25:42.865,1.31034,1.31049,1.00,1.07
2018.01.30 13:25:43.544,1.31032,1.31048,2.62,1.10
2018.01.30 13:25:44.092,1.31033,1.31048,1.00,1.07
2018.01.30 13:25:46.794,1.31033,1.31048,1.00,1.89
2018.01.30 13:25:47.491,1.31033,1.31047,1.00,1.08
2018.01.30 13:25:48.129,1.31033,1.31047,1.00,1.07
2018.01.30 13:25:48.479,1.31034,1.31049,1.63,1.95
2018.01.30 13:25:48.531,1.31034,1.31049,1.63,1.10
2018.01.30 13:25:49.089,1.31034,1.31051,1.25,1.95
2018.01.30 13:25:51.749,1.31034,1.3105,1.00,1.95
2018.01.30 13:25:53.284,1.31034,1.31048,1.00,1.45
2018.01.30 13:25:53.831,1.31034,1.31048,1.00,1.57
2018.01.30 13:25:54.335,1.31033,1.31047,1.00,1.45
2018.01.30 13:25:54.938,1.31031,1.31046,1.00,1.58
2018.01.30 13:25:55.659,1.31031,1.31046,1.00,3.64
2018.01.30 13:25:56.198,1.31031,1.31045,1.00,2.89
2018.01.30 13:25:56.814,1.31027,1.31042,1.50,1.45
2018.01.30 13:25:56.968,1.31026,1.31039,1.00,1.45
2018.01.30 13:25:57.019,1.31023,1.31039,1.87,2.32
2018.01.30 13:25:57.573,1.31023,1.31039,1.00,2.70
2018.01.30 13:25:58.651,1.31021,1.31039,3.75,3.07
2018.01.30 13:25:59.605,1.31021,1.31037,2.25,1.57
2018.01.30 13:26:00.118,1.31021,1.31038,1.00,2.32
2018.01.30 13:26:02.467,1.31021,1.31036,1.00,1.45
2018.01.30 13:26:03.497,1.31021,1.31036,1.00,1.57
2018.01.30 13:26:04.023,1.31021,1.31036,1.00,2.51
2018.01.30 13:26:04.565,1.3102,1.31036,1.00,2.89
2018.01.30 13:26:09.279,1.3102,1.31034,1.00,1.58
2018.01.30 13:26:11.032,1.3102,1.31035,1.13,3.07
2018.01.30 13:26:11.876,1.3102,1.31035,1.00,2.32
2018.01.30 13:26:13.147,1.3102,1.31035,1.00,3.07
2018.01.30 13:26:19.751,1.3102,1.31035,1.00,1.20
2018.01.30 13:26:20.945,1.3102,1.31036,2.06,1.12
2018.01.30 13:26:21.097,1.31021,1.31036,1.31,1.10
2018.01.30 13:26:21.300,1.31023,1.31038,1.13,1.00
2018.01.30 13:26:27.993,1.31023,1.31038,1.00,1.39
2018.01.30 13:26:28.706,1.31021,1.31038,1.25,1.39
2018.01.30 13:26:30.406,1.31021,1.31037,1.20,1.00
2018.01.30 13:26:30.509,1.31025,1.3104,1.00,2.89
2018.01.30 13:26:30.867,1.31025,1.3104,1.00,2.51
2018.01.30 13:26:31.553,1.31024,1.3104,1.25,1.10
2018.01.30 13:26:31.655,1.31024,1.31042,1.20,1.76
2018.01.30 13:26:32.213,1.31024,1.31042,2.51,2.51
2018.01.30 13:26:32.737,1.31025,1.31042,1.88,1.76
2018.01.30 13:26:33.258,1.31026,1.31042,1.10,1.10
2018.01.30 13:26:35.549,1.31026,1.31043,1.20,1.63
2018.01.30 13:26:35.802,1.31026,1.31043,1.20,1.25
2018.01.30 13:26:36.308,1.31026,1.31043,1.10,1.00
2018.01.30 13:26:36.659,1.31029,1.31044,1.00,1.01
2018.01.30 13:26:38.657,1.31029,1.31044,1.20,1.00
2018.01.30 13:26:39.216,1.31029,1.31044,1.25,1.00
2018.01.30 13:26:40.036,1.31029,1.31045,1.00,1.50
2018.01.30 13:26:40.409,1.31031,1.31047,1.13,1.10
2018.01.30 13:26:40.756,1.31032,1.31047,1.39,1.00
2018.01.30 13:26:41.289,1.31033,1.31049,1.31,1.20
2018.01.30 13:26:41.909,1.31033,1.31049,1.44,1.00
2018.01.30 13:26:53.638,1.31034,1.31049,1.00,1.95
2018.01.30 13:27:11.595,1.31034,1.31047,1.00,1.10
2018.01.30 13:27:12.544,1.31031,1.31047,1.00,1.76
2018.01.30 13:27:13.069,1.31031,1.31047,1.00,2.14
2018.01.30 13:27:13.298,1.31029,1.31045,1.00,1.25
2018.01.30 13:27:13.840,1.3103,1.31044,1.00,1.01
2018.01.30 13:27:15.401,1.31029,1.31044,1.00,1.50
2018.01.30 13:27:22.262,1.31029,1.31043,1.00,1.10
2018.01.30 13:27:22.313,1.31027,1.31042,1.10,1.00
2018.01.30 13:27:22.687,1.31024,1.3104,1.00,1.00
2018.01.30 13:27:22.739,1.31024,1.31038,1.00,1.00
2018.01.30 13:27:22.841,1.31022,1.31037,1.31,1.00
2018.01.30 13:27:24.041,1.3102,1.31037,1.57,1.00
2018.01.30 13:27:25.627,1.3102,1.31036,1.00,1.00
2018.01.30 13:27:27.583,1.3102,1.31034,1.00,1.00
2018.01.30 13:27:28.725,1.3102,1.31033,1.00,1.00
2018.01.30 13:27:29.245,1.31019,1.31033,1.00,1.00
2018.01.30 13:27:30.429,1.31018,1.31033,1.00,1.00
2018.01.30 13:27:35.316,1.31018,1.31033,2.33,1.00
2018.01.30 13:27:35.939,1.31018,1.31033,2.33,1.00
2018.01.30 13:27:36.481,1.31018,1.31034,2.70,1.00
2018.01.30 13:27:38.247,1.31018,1.31034,2.70,1.00
2018.01.30 13:27:38.590,1.3102,1.31036,2.44,1.00
2018.01.30 13:27:38.899,1.31023,1.31036,1.50,1.00
2018.01.30 13:27:38.950,1.31023,1.31039,1.50,1.57
2018.01.30 13:27:39.452,1.31023,1.31039,1.62,1.50
2018.01.30 13:27:40.054,1.31023,1.31039,2.25,1.00
2018.01.30 13:27:40.566,1.31023,1.31039,2.25,1.00
2018.01.30 13:27:41.913,1.31023,1.31039,2.32,1.00
2018.01.30 13:27:42.545,1.31023,1.31039,2.51,1.00
2018.01.30 13:27:43.726,1.31023,1.31039,1.50,1.00
2018.01.30 13:27:44.848,1.31023,1.31039,1.88,1.00
2018.01.30 13:27:46.318,1.31023,1.31039,2.06,1.00
2018.01.30 13:27:47.177,1.31023,1.31039,1.44,1.20
2018.01.30 13:27:47.741,1.31023,1.31039,1.00,2.32
2018.01.30 13:27:48.899,1.31023,1.31039,1.10,1.57
2018.01.30 13:27:49.498,1.31023,1.31039,1.00,1.95
2018.01.30 13:27:56.659,1.31023,1.31036,1.00,1.00
2018.01.30 13:27:57.764,1.3102,1.31036,2.14,1.00
2018.01.30 13:27:58.299,1.3102,1.31036,1.57,1.20
2018.01.30 13:27:58.887,1.3102,1.31036,1.00,1.58
2018.01.30 13:27:59.400,1.31019,1.31036,1.10,1.20
2018.01.30 13:27:59.933,1.31019,1.31034,1.10,1.00
2018.01.30 13:28:01.451,1.31019,1.31034,1.00,1.20
2018.01.30 13:28:01.555,1.31016,1.31032,1.76,1.00
2018.01.30 13:28:02.065,1.31016,1.31031,1.00,1.10
2018.01.30 13:28:03.891,1.31016,1.31031,1.00,1.20
2018.01.30 13:28:04.778,1.31013,1.31028,1.20,1.00
2018.01.30 13:28:04.989,1.31011,1.31027,1.50,1.00
2018.01.30 13:28:05.041,1.31011,1.31025,1.57,1.00
2018.01.30 13:28:07.957,1.31011,1.31025,1.44,1.00
2018.01.30 13:28:08.365,1.31012,1.31028,1.44,1.00
2018.01.30 13:28:08.493,1.31012,1.31028,1.69,1.00
2018.01.30 13:28:09.045,1.31014,1.31028,1.25,1.00
2018.01.30 13:28:09.837,1.31014,1.31029,1.44,1.00
2018.01.30 13:28:10.736,1.31014,1.31029,1.62,1.00
2018.01.30 13:28:11.232,1.31016,1.31031,2.44,1.00
2018.01.30 13:28:12.388,1.31016,1.31032,2.06,1.50
2018.01.30 13:28:12.439,1.31016,1.31032,2.44,1.50
2018.01.30 13:28:14.174,1.31017,1.31032,2.06,1.00
2018.01.30 13:28:14.676,1.31018,1.31032,1.00,1.00
2018.01.30 13:28:15.304,1.31017,1.31032,1.87,1.00
2018.01.30 13:28:15.862,1.31018,1.31032,1.25,1.00
2018.01.30 13:28:16.746,1.31019,1.31032,1.00,1.00
2018.01.30 13:28:22.562,1.31019,1.31033,1.25,1.00
2018.01.30 13:28:31.217,1.31019,1.31034,1.00,1.50
2018.01.30 13:28:33.314,1.31019,1.31034,1.19,1.00
2018.01.30 13:28:34.451,1.31021,1.31034,1.00,1.00
2018.01.30 13:28:35.452,1.3102,1.31034,1.00,1.00
2018.01.30 13:28:36.503,1.3102,1.31034,1.87,1.00
2018.01.30 13:28:37.390,1.31021,1.31036,1.25,1.50
2018.01.30 13:28:44.860,1.31021,1.31036,1.50,1.50
2018.01.30 13:28:45.201,1.31023,1.31039,1.56,1.76
2018.01.30 13:28:51.844,1.31022,1.31039,1.95,2.33
2018.01.30 13:28:52.379,1.31022,1.31037,1.10,1.00
2018.01.30 13:28:54.562,1.31022,1.31036,1.00,1.00
2018.01.30 13:28:54.755,1.3102,1.31036,1.10,1.00
2018.01.30 13:28:54.806,1.3102,1.31034,1.00,1.00
2018.01.30 13:28:55.459,1.31019,1.31034,1.00,1.10
2018.01.30 13:28:56.002,1.31018,1.31034,1.00,1.20
2018.01.30 13:28:56.851,1.31017,1.31034,1.76,2.14
2018.01.30 13:28:59.031,1.31017,1.31032,1.10,1.00
2018.01.30 13:28:59.551,1.31015,1.3103,2.14,1.00
2018.01.30 13:29:00.225,1.31015,1.3103,1.57,1.00
2018.01.30 13:29:00.532,1.31015,1.3103,1.88,1.10
2018.01.30 13:29:01.069,1.31015,1.3103,1.44,1.10
2018.01.30 13:29:02.391,1.31015,1.3103,1.25,1.10
2018.01.30 13:29:02.907,1.31015,1.3103,1.44,1.20
2018.01.30 13:29:03.177,1.31014,1.3103,2.25,1.20
2018.01.30 13:29:04.077,1.31014,1.3103,1.50,1.20
2018.01.30 13:29:04.508,1.31013,1.31029,1.57,1.10
2018.01.30 13:29:04.758,1.31013,1.31029,2.14,1.10
2018.01.30 13:29:05.299,1.31013,1.31029,2.14,1.10
2018.01.30 13:29:05.803,1.31014,1.31029,1.50,1.10
2018.01.30 13:29:06.147,1.31015,1.31031,1.37,1.69
2018.01.30 13:29:06.726,1.31015,1.31031,1.25,1.50
2018.01.30 13:29:08.386,1.31015,1.31031,1.44,1.69
2018.01.30 13:29:08.904,1.31016,1.31031,1.44,1.57
2018.01.30 13:29:09.341,1.31015,1.31031,1.20,1.57
2018.01.30 13:29:09.998,1.31016,1.31031,1.12,1.57
2018.01.30 13:29:10.943,1.31016,1.31031,1.31,1.50
2018.01.30 13:29:11.811,1.31016,1.31032,2.25,1.57
2018.01.30 13:29:12.326,1.31017,1.31032,1.25,1.57
2018.01.30 13:29:13.131,1.31017,1.31032,1.31,1.57
2018.01.30 13:29:13.684,1.31017,1.31032,1.25,1.57
2018.01.30 13:29:14.222,1.31017,1.31032,1.44,1.57
2018.01.30 13:29:14.757,1.31017,1.31032,1.25,1.57
2018.01.30 13:29:15.569,1.31017,1.31032,1.31,1.57
2018.01.30 13:29:16.094,1.31017,1.31032,1.69,1.57
2018.01.30 13:29:16.602,1.31017,1.31032,1.87,1.57
2018.01.30 13:29:17.136,1.31017,1.31032,1.69,1.57
2018.01.30 13:29:17.579,1.31017,1.31032,2.06,1.50
2018.01.30 13:29:17.698,1.31017,1.31032,1.69,1.50
2018.01.30 13:29:17.852,1.31018,1.31033,1.31,1.50
2018.01.30 13:29:18.947,1.3102,1.31033,1.00,1.00
2018.01.30 13:29:19.825,1.3102,1.31035,1.00,2.25
2018.01.30 13:29:20.656,1.31019,1.31035,1.10,2.44
2018.01.30 13:29:21.965,1.3102,1.31035,1.00,1.57
2018.01.30 13:29:22.938,1.3102,1.31035,2.06,1.00
2018.01.30 13:29:23.446,1.3102,1.31035,1.87,1.00
2018.01.30 13:29:24.122,1.3102,1.31035,2.06,1.00
2018.01.30 13:29:24.708,1.3102,1.31035,2.25,1.00
2018.01.30 13:29:26.153,1.3102,1.31035,2.06,1.00
2018.01.30 13:29:27.567,1.3102,1.31036,2.25,1.00
2018.01.30 13:29:27.726,1.31022,1.31036,1.31,1.00
2018.01.30 13:29:28.035,1.31023,1.31037,1.56,1.10
2018.01.30 13:29:28.584,1.31024,1.31037,1.12,1.00
2018.01.30 13:29:29.065,1.31024,1.3104,1.31,2.14
2018.01.30 13:29:29.609,1.31024,1.31039,1.25,1.10
2018.01.30 13:29:45.529,1.31023,1.31039,1.76,1.76
2018.01.30 13:29:45.759,1.31022,1.31037,1.31,1.10
2018.01.30 13:29:46.287,1.31022,1.31036,1.00,1.10
2018.01.30 13:29:46.886,1.31022,1.31035,1.00,1.00
2018.01.30 13:29:53.009,1.31022,1.31035,1.00,1.44
2018.01.30 13:29:53.060,1.31018,1.31034,1.76,1.25
2018.01.30 13:29:54.614,1.31017,1.31034,1.12,1.76
2018.01.30 13:29:54.716,1.31017,1.31032,1.20,1.00
2018.01.30 13:29:55.227,1.31016,1.31031,1.50,1.57
2018.01.30 13:29:55.753,1.31016,1.31031,1.50,1.95
2018.01.30 13:30:00.897,1.31016,1.31031,1.50,1.57
2018.01.30 13:30:03.018,1.31016,1.31031,2.06,1.57
2018.01.30 13:30:05.409,1.31016,1.31031,1.87,1.57
2018.01.30 13:30:06.185,1.31016,1.31031,2.06,1.57
2018.01.30 13:30:06.989,1.31016,1.31031,2.25,1.57
2018.01.30 13:30:07.632,1.31016,1.31031,2.44,1.50
2018.01.30 13:30:14.207,1.31016,1.31031,2.14,1.00
2018.01.30 13:30:14.728,1.31016,1.31031,2.70,1.00
2018.01.30 13:30:17.451,1.31016,1.31031,2.32,1.00
2018.01.30 13:30:19.174,1.31014,1.31029,1.00,1.50
2018.01.30 13:30:20.253,1.31012,1.31027,1.50,1.00
2018.01.30 13:30:20.777,1.31012,1.31026,1.50,1.00
2018.01.30 13:30:36.891,1.31012,1.31026,1.00,1.95
2018.01.30 13:30:37.631,1.31012,1.31026,1.00,1.76
2018.01.30 13:30:38.174,1.31012,1.31026,1.00,2.51
2018.01.30 13:30:38.676,1.31009,1.31024,1.00,1.00
2018.01.30 13:30:40.180,1.31008,1.31023,1.20,1.00
2018.01.30 13:30:44.217,1.31007,1.31023,2.14,1.10
2018.01.30 13:30:44.943,1.31006,1.31019,1.00,1.50
2018.01.30 13:30:44.994,1.31002,1.31017,2.51,1.50
2018.01.30 13:30:45.199,1.31,1.31016,1.76,1.00
2018.01.30 13:30:45.808,1.31,1.31016,1.31,1.00
2018.01.30 13:30:46.310,1.31,1.31017,2.44,1.10
2018.01.30 13:30:47.826,1.31003,1.31018,1.50,1.57
2018.01.30 13:30:49.752,1.31004,1.31018,1.00,1.00
2018.01.30 13:30:50.301,1.31004,1.31018,1.50,1.00
2018.01.30 13:30:50.819,1.31004,1.31021,2.25,1.76
2018.01.30 13:30:51.579,1.31004,1.31021,1.87,2.32
2018.01.30 13:30:51.846,1.31002,1.31018,1.50,1.20
2018.01.30 13:30:52.875,1.31001,1.31017,1.87,1.00
2018.01.30 13:30:53.629,1.31,1.31017,1.20,2.70
2018.01.30 13:30:54.136,1.31,1.31017,1.01,2.32
2018.01.30 13:30:54.676,1.30999,1.31017,1.50,1.95
2018.01.30 13:30:55.546,1.30999,1.31017,1.12,1.95
2018.01.30 13:30:56.044,1.30999,1.31017,1.12,3.26
2018.01.30 13:30:56.582,1.30999,1.31016,1.00,2.14
2018.01.30 13:30:57.276,1.30998,1.31014,1.87,1.10
2018.01.30 13:30:58.484,1.30998,1.31014,1.13,1.20
2018.01.30 13:30:59.023,1.30998,1.31014,1.00,1.01
2018.01.30 13:30:59.532,1.30997,1.31013,1.69,1.39
2018.01.30 13:31:00.282,1.30997,1.31013,1.00,1.45
2018.01.30 13:31:01.002,1.30997,1.31013,1.44,1.58
2018.01.30 13:31:01.750,1.30997,1.31013,1.25,1.45
2018.01.30 13:31:02.496,1.30997,1.31013,1.19,2.33
2018.01.30 13:31:02.877,1.30998,1.31013,1.44,1.10
2018.01.30 13:31:03.082,1.30999,1.31014,1.31,1.00
2018.01.30 13:31:03.628,1.31,1.31016,1.19,1.20
2018.01.30 13:31:04.152,1.31,1.31017,1.31,3.07
2018.01.30 13:31:04.673,1.31,1.31017,1.25,2.32
2018.01.30 13:31:05.194,1.31,1.31017,1.31,2.51
2018.01.30 13:31:10.949,1.31,1.31017,1.00,1.95
2018.01.30 13:31:12.674,1.31,1.31017,1.19,1.95
2018.01.30 13:31:13.213,1.31,1.31017,1.00,1.95
2018.01.30 13:31:14.276,1.30999,1.31015,1.88,1.00
2018.01.30 13:31:14.777,1.30999,1.31015,1.69,1.00
2018.01.30 13:31:15.908,1.30999,1.31016,1.00,1.10
2018.01.30 13:31:17.350,1.30999,1.31016,1.25,1.58
2018.01.30 13:31:21.018,1.30998,1.31015,1.00,1.01
2018.01.30 13:31:21.525,1.30997,1.31013,1.00,1.20
2018.01.30 13:31:22.075,1.30997,1.31013,1.00,2.33
2018.01.30 13:31:29.312,1.30996,1.31012,1.88,2.33
2018.01.30 13:31:34.200,1.30996,1.31012,1.50,1.95
2018.01.30 13:31:41.094,1.30996,1.31012,1.50,1.57
2018.01.30 13:31:41.195,1.30996,1.31012,1.50,1.95
2018.01.30 13:31:42.376,1.30995,1.31012,1.00,2.89
2018.01.30 13:31:44.022,1.30995,1.31012,1.00,2.70
2018.01.30 13:31:44.328,1.30994,1.3101,1.00,2.51
2018.01.30 13:31:44.887,1.30994,1.3101,1.00,2.32
2018.01.30 13:31:45.391,1.30994,1.3101,1.00,1.95
2018.01.30 13:31:45.940,1.30994,1.31008,1.13,1.00
2018.01.30 13:31:47.883,1.30996,1.31008,1.00,1.10
2018.01.30 13:31:48.916,1.30995,1.31008,1.00,1.00
2018.01.30 13:31:49.469,1.30996,1.31008,1.00,1.00
2018.01.30 13:31:58.243,1.30994,1.31008,1.50,1.25
2018.01.30 13:31:58.295,1.30992,1.31007,2.89,1.00
2018.01.30 13:31:58.347,1.30994,1.31007,1.00,1.00
2018.01.30 13:31:58.451,1.30991,1.31007,2.32,1.00
2018.01.30 13:31:58.675,1.3099,1.31007,1.20,2.51
2018.01.30 13:31:59.098,1.3099,1.31004,1.10,1.00
2018.01.30 13:32:00.413,1.30989,1.31004,1.50,1.10
2018.01.30 13:32:02.384,1.30988,1.31006,1.95,1.58
2018.01.30 13:32:02.899,1.30988,1.31005,1.00,1.70
2018.01.30 13:32:08.642,1.30989,1.31005,1.00,2.33
2018.01.30 13:32:09.192,1.30989,1.31005,1.00,2.33
2018.01.30 13:32:10.675,1.30988,1.31005,1.00,1.58
2018.01.30 13:32:12.144,1.30988,1.31004,1.00,1.08
2018.01.30 13:32:14.143,1.30988,1.31005,1.00,1.58
2018.01.30 13:32:14.726,1.30987,1.31005,1.69,2.33
2018.01.30 13:32:15.519,1.30987,1.31005,1.57,3.08
2018.01.30 13:32:16.195,1.30987,1.31005,1.50,2.33
2018.01.30 13:32:17.216,1.30987,1.31005,1.57,3.08
2018.01.30 13:32:18.929,1.30987,1.31005,1.50,2.33
2018.01.30 13:32:19.488,1.30987,1.31004,1.57,1.08
2018.01.30 13:32:20.144,1.30987,1.31005,1.50,2.51
2018.01.30 13:32:20.702,1.30987,1.31005,1.57,3.08
2018.01.30 13:32:21.884,1.30987,1.31005,1.69,2.33
2018.01.30 13:32:23.297,1.30989,1.31005,1.25,1.95
2018.01.30 13:32:24.092,1.30989,1.31005,1.44,1.20
2018.01.30 13:32:24.664,1.30991,1.31006,1.00,1.95
2018.01.30 13:32:25.187,1.30992,1.31009,1.13,3.08
2018.01.30 13:32:25.760,1.30993,1.31009,1.00,2.33
2018.01.30 13:32:26.147,1.30994,1.31009,1.25,1.57
2018.01.30 13:32:31.032,1.30994,1.31008,1.00,1.00
2018.01.30 13:32:36.145,1.30993,1.31008,1.12,1.10
2018.01.30 13:32:37.655,1.30993,1.31008,1.50,1.00
2018.01.30 13:32:38.313,1.30993,1.31008,1.12,1.00
2018.01.30 13:32:42.812,1.30995,1.31008,1.00,1.00
2018.01.30 13:32:43.151,1.30995,1.3101,1.88,1.95
2018.01.30 13:32:43.202,1.30998,1.31013,1.57,1.00
2018.01.30 13:32:44.119,1.30999,1.31013,1.00,1.10
2018.01.30 13:32:44.423,1.31001,1.31015,1.00,1.00
2018.01.30 13:32:45.122,1.31001,1.31015,1.88,1.00
2018.01.30 13:32:45.286,1.31003,1.31018,1.50,1.20
2018.01.30 13:32:55.937,1.31003,1.31018,1.00,1.39
2018.01.30 13:32:56.235,1.31005,1.31018,1.00,1.39
2018.01.30 13:32:58.287,1.31005,1.31018,1.00,1.10
2018.01.30 13:33:00.001,1.31005,1.3102,1.00,3.26
2018.01.30 13:33:01.866,1.31005,1.3102,1.00,1.95
2018.01.30 13:33:10.153,1.31005,1.3102,1.00,1.10
2018.01.30 13:33:11.157,1.31005,1.3102,1.00,1.20
2018.01.30 13:33:13.725,1.31005,1.3102,1.00,1.45
2018.01.30 13:33:26.511,1.31006,1.31019,1.00,1.58
2018.01.30 13:33:27.068,1.31006,1.31019,1.00,1.89
2018.01.30 13:33:28.054,1.31006,1.31019,1.00,1.39
2018.01.30 13:33:30.813,1.31006,1.31018,1.00,1.70
2018.01.30 13:33:32.127,1.31006,1.31019,1.00,3.45
2018.01.30 13:33:34.352,1.31003,1.31018,1.00,1.20
2018.01.30 13:33:34.944,1.31004,1.31017,1.00,1.01
2018.01.30 13:33:35.632,1.31002,1.31016,1.00,1.58
2018.01.30 13:33:36.177,1.31003,1.31016,1.00,1.76
2018.01.30 13:33:37.036,1.31003,1.31015,1.00,1.01
2018.01.30 13:33:38.546,1.31001,1.31014,1.00,1.33
2018.01.30 13:33:45.441,1.30999,1.31013,1.00,1.45
2018.01.30 13:33:47.284,1.30999,1.31012,1.00,1.58
2018.01.30 13:33:50.850,1.30999,1.3101,1.00,1.08
2018.01.30 13:33:51.407,1.30998,1.3101,1.00,1.70
2018.01.30 13:33:54.293,1.30998,1.31011,1.00,2.14
2018.01.30 13:33:58.716,1.30999,1.31011,1.00,1.10
2018.01.30 13:33:59.247,1.30999,1.31011,1.00,1.39
2018.01.30 13:33:59.778,1.30999,1.31011,1.00,1.10
2018.01.30 13:34:01.953,1.31,1.31013,1.00,1.39
2018.01.30 13:34:02.515,1.31,1.31012,1.00,1.20
2018.01.30 13:34:02.566,1.31001,1.31014,1.00,1.50
2018.01.30 13:34:03.023,1.31003,1.31014,1.00,1.50
2018.01.30 13:34:03.302,1.31003,1.31017,1.00,1.39
2018.01.30 13:34:03.463,1.31005,1.31019,1.00,1.76
2018.01.30 13:34:03.768,1.31007,1.31019,1.00,1.47
2018.01.30 13:34:04.344,1.31007,1.31019,1.00,1.47
2018.01.30 13:34:04.915,1.31007,1.31019,1.00,1.10
2018.01.30 13:34:05.878,1.31008,1.31019,1.00,1.57
2018.01.30 13:34:26.213,1.31008,1.31021,1.00,1.39
2018.01.30 13:34:27.314,1.31008,1.31021,1.00,1.01
2018.01.30 13:34:28.242,1.31008,1.31021,1.00,1.20
2018.01.30 13:34:30.566,1.31008,1.31022,1.00,1.25
2018.01.30 13:34:31.253,1.31008,1.31023,1.00,1.01
2018.01.30 13:34:31.660,1.3101,1.31024,1.25,1.20
2018.01.30 13:34:31.984,1.31015,1.3103,1.00,2.14
2018.01.30 13:34:32.522,1.31015,1.3103,1.00,1.95
2018.01.30 13:34:37.045,1.31015,1.3103,1.00,1.95
2018.01.30 13:34:37.571,1.31016,1.3103,1.00,1.70
2018.01.30 13:34:38.280,1.31016,1.3103,1.00,1.20
2018.01.30 13:34:38.856,1.31017,1.3103,1.00,1.20
2018.01.30 13:34:47.924,1.31017,1.3103,1.00,1.10
2018.01.30 13:34:50.788,1.31015,1.3103,1.00,1.10
2018.01.30 13:34:51.306,1.31015,1.31029,1.00,1.00
2018.01.30 13:34:52.168,1.31015,1.31029,1.00,1.20
2018.01.30 13:34:52.622,1.31013,1.31029,1.12,1.95
2018.01.30 13:34:55.264,1.31013,1.31029,2.44,1.50
2018.01.30 13:34:55.873,1.31013,1.31028,2.44,1.00
2018.01.30 13:34:58.241,1.31013,1.31028,2.44,1.00
2018.01.30 13:34:59.727,1.31013,1.31029,2.44,1.50
2018.01.30 13:35:10.526,1.31012,1.31029,1.95,1.50
2018.01.30 13:35:11.242,1.31012,1.31029,1.95,1.95
2018.01.30 13:35:12.516,1.31012,1.31029,1.76,1.95
2018.01.30 13:35:14.168,1.31012,1.31029,1.76,1.95
2018.01.30 13:35:19.377,1.31011,1.31028,3.45,1.10
2018.01.30 13:35:19.428,1.31011,1.31028,2.89,1.38
2018.01.30 13:35:19.733,1.31008,1.31025,4.20,1.00
2018.01.30 13:35:21.866,1.31009,1.31024,1.00,1.00
2018.01.30 13:35:22.464,1.31007,1.31024,1.25,1.76
2018.01.30 13:35:22.565,1.31006,1.31022,1.39,1.10
2018.01.30 13:35:23.165,1.31005,1.31022,1.57,1.20
2018.01.30 13:35:26.572,1.31007,1.31022,1.00,1.20
2018.01.30 13:35:27.244,1.31007,1.31022,1.00,1.10
2018.01.30 13:35:32.524,1.31006,1.31021,1.00,1.10
2018.01.30 13:35:33.265,1.31005,1.31021,1.12,1.10
2018.01.30 13:35:35.285,1.31005,1.31021,1.12,1.20
2018.01.30 13:35:35.389,1.31001,1.31017,1.00,1.13
2018.01.30 13:35:35.911,1.31,1.31016,1.87,1.10
2018.01.30 13:35:36.540,1.31,1.31018,2.62,2.51
2018.01.30 13:35:39.517,1.31,1.31018,1.12,2.51
2018.01.30 13:35:39.795,1.31002,1.31018,1.00,1.58
2018.01.30 13:35:41.044,1.31001,1.31018,1.00,1.58
2018.01.30 13:35:43.992,1.31001,1.31018,1.00,2.14
2018.01.30 13:35:45.034,1.31001,1.31018,1.00,2.33
2018.01.30 13:35:45.808,1.31,1.31017,1.87,1.76
2018.01.30 13:35:46.656,1.31,1.31017,1.50,2.14
2018.01.30 13:35:47.219,1.31,1.31017,1.50,1.95
2018.01.30 13:35:47.547,1.31003,1.31017,1.00,1.95
2018.01.30 13:35:48.058,1.31,1.31016,1.00,1.20
2018.01.30 13:35:49.264,1.30999,1.31015,1.00,1.76
2018.01.30 13:35:49.785,1.30998,1.31015,1.00,1.01
2018.01.30 13:35:50.328,1.30998,1.31015,1.00,1.39
2018.01.30 13:35:50.582,1.30998,1.31014,1.50,1.76
2018.01.30 13:35:51.207,1.30997,1.31014,1.00,1.95
2018.01.30 13:35:51.756,1.30996,1.31014,1.31,2.89
2018.01.30 13:35:52.066,1.30993,1.31009,1.57,1.01
2018.01.30 13:35:52.372,1.30995,1.31009,1.00,1.20
2018.01.30 13:35:52.915,1.30995,1.31009,1.00,1.20
2018.01.30 13:35:53.674,1.30997,1.31009,1.00,1.10
2018.01.30 13:35:54.222,1.30996,1.31009,1.00,1.10
2018.01.30 13:35:54.857,1.30995,1.31009,1.00,1.00
2018.01.30 13:35:55.584,1.30996,1.31009,1.00,1.00
2018.01.30 13:35:59.846,1.30996,1.3101,1.00,1.00
2018.01.30 13:36:01.449,1.30996,1.31009,1.00,1.00
2018.01.30 13:36:07.288,1.30997,1.31009,1.00,1.00
2018.01.30 13:36:07.340,1.30995,1.31009,1.25,1.00
2018.01.30 13:36:14.135,1.30997,1.31009,1.00,1.00
2018.01.30 13:36:14.920,1.30997,1.31011,1.00,1.10
2018.01.30 13:36:15.432,1.30996,1.31011,1.00,1.10
2018.01.30 13:36:16.531,1.30995,1.31011,1.69,1.10
2018.01.30 13:36:18.796,1.30996,1.31011,1.25,1.10
2018.01.30 13:36:21.289,1.30996,1.31011,1.20,1.00
2018.01.30 13:36:22.354,1.30998,1.31011,1.00,1.00
2018.01.30 13:36:23.023,1.30999,1.31012,1.00,1.25
2018.01.30 13:36:23.459,1.30997,1.31012,1.69,1.25
2018.01.30 13:36:24.190,1.30998,1.31012,1.00,1.00
2018.01.30 13:36:28.471,1.30999,1.31012,1.00,1.00
2018.01.30 13:36:29.957,1.30999,1.31013,1.00,1.00
2018.01.30 13:36:34.015,1.31,1.31013,1.00,1.00
2018.01.30 13:36:34.300,1.31002,1.31015,1.00,1.57
2018.01.30 13:36:34.616,1.31007,1.31021,1.00,1.37
2018.01.30 13:36:34.923,1.31009,1.31025,1.50,1.47
2018.01.30 13:36:35.562,1.31009,1.31022,1.00,1.37
2018.01.30 13:36:35.816,1.3101,1.31025,1.00,1.39
2018.01.30 13:36:36.358,1.3101,1.31027,1.00,2.33
2018.01.30 13:36:36.891,1.3101,1.31027,1.10,2.14
2018.01.30 13:36:37.265,1.31013,1.31029,1.00,1.95
2018.01.30 13:36:37.575,1.31016,1.31029,1.00,1.10
2018.01.30 13:36:42.813,1.31016,1.3103,1.00,1.00
2018.01.30 13:36:43.019,1.31017,1.31033,1.01,1.10
2018.01.30 13:36:43.551,1.31018,1.31033,1.10,1.00
2018.01.30 13:36:44.092,1.31019,1.31033,1.00,1.25
2018.01.30 13:36:44.971,1.31019,1.31035,1.00,1.57
2018.01.30 13:36:47.803,1.31019,1.31035,1.00,1.57
2018.01.30 13:36:48.354,1.31019,1.31035,1.00,1.39
2018.01.30 13:36:50.194,1.31021,1.31035,1.00,1.10
2018.01.30 13:36:50.754,1.31021,1.31035,1.00,1.20
2018.01.30 13:36:53.753,1.31021,1.31035,1.00,1.10
2018.01.30 13:36:54.009,1.31021,1.31037,2.70,1.00
2018.01.30 13:36:54.163,1.31025,1.31039,1.00,1.20
2018.01.30 13:36:55.151,1.31025,1.31039,1.00,1.25
2018.01.30 13:36:55.730,1.31024,1.31039,1.00,1.25
2018.01.30 13:36:57.267,1.31024,1.31042,1.12,2.14
2018.01.30 13:36:57.858,1.31024,1.31042,1.12,2.70
2018.01.30 13:36:58.905,1.31024,1.31042,1.20,2.70
2018.01.30 13:37:00.396,1.31024,1.3104,1.95,1.10
2018.01.30 13:37:02.120,1.31024,1.3104,2.14,1.01
2018.01.30 13:37:02.471,1.31026,1.3104,1.00,1.01
2018.01.30 13:37:03.307,1.31026,1.3104,1.00,1.29
2018.01.30 13:37:03.811,1.31026,1.3104,1.00,1.10
2018.01.30 13:37:05.450,1.31026,1.3104,1.00,1.20
2018.01.30 13:37:05.553,1.31022,1.31037,1.00,2.14
2018.01.30 13:37:05.605,1.31021,1.31034,1.00,1.47
2018.01.30 13:37:06.568,1.31021,1.31032,1.00,1.20
2018.01.30 13:37:06.972,1.31018,1.3103,1.00,1.00
2018.01.30 13:37:07.075,1.31016,1.31028,1.00,1.20
2018.01.30 13:37:07.385,1.31016,1.31027,1.00,1.47
2018.01.30 13:37:07.693,1.31016,1.31024,1.00,1.20
2018.01.30 13:37:08.032,1.31016,1.31027,1.00,1.47
2018.01.30 13:37:09.799,1.31016,1.31027,1.50,1.20
2018.01.30 13:37:10.168,1.31016,1.31026,1.50,1.47
2018.01.30 13:37:10.741,1.31015,1.31026,1.00,1.47
2018.01.30 13:37:16.109,1.31015,1.3103,1.50,2.32
2018.01.30 13:37:16.620,1.31015,1.3103,1.50,1.20
2018.01.30 13:37:17.079,1.31014,1.31027,1.00,1.10
2018.01.30 13:37:17.619,1.31013,1.31027,1.50,1.20
2018.01.30 13:37:18.146,1.31012,1.31027,1.00,1.20
2018.01.30 13:37:18.690,1.31011,1.31027,1.50,1.20
2018.01.30 13:37:19.200,1.31011,1.31027,1.00,1.10
2018.01.30 13:37:23.089,1.31012,1.31027,1.00,1.01
2018.01.30 13:37:24.316,1.31013,1.31027,1.00,1.00
2018.01.30 13:37:24.369,1.31014,1.3103,1.00,2.70
2018.01.30 13:37:24.472,1.31014,1.3103,1.87,3.26
2018.01.30 13:37:25.062,1.31014,1.3103,1.69,3.07
2018.01.30 13:37:26.010,1.31014,1.3103,1.87,2.14
2018.01.30 13:37:26.352,1.31017,1.31031,1.00,1.95
2018.01.30 13:37:27.250,1.31017,1.31031,1.00,1.01
2018.01.30 13:37:30.026,1.31017,1.3103,1.00,1.00
2018.01.30 13:37:30.794,1.31017,1.3103,1.00,1.20
2018.01.30 13:37:31.321,1.31017,1.3103,1.00,1.45
2018.01.30 13:37:32.053,1.31017,1.3103,1.00,1.20
2018.01.30 13:37:32.742,1.31015,1.3103,1.00,1.20
2018.01.30 13:37:34.970,1.31015,1.3103,1.00,1.00
2018.01.30 13:37:36.583,1.31016,1.3103,1.00,1.00
2018.01.30 13:37:40.592,1.31016,1.3103,1.00,1.20
2018.01.30 13:37:41.131,1.31015,1.3103,1.50,1.20
2018.01.30 13:37:41.556,1.31014,1.31029,1.00,2.51
2018.01.30 13:37:42.729,1.31012,1.31028,1.00,1.58
2018.01.30 13:37:42.832,1.31009,1.31027,1.00,2.51
2018.01.30 13:37:43.189,1.31008,1.31025,1.87,2.08
2018.01.30 13:37:43.701,1.31008,1.31025,1.12,1.83
2018.01.30 13:37:44.059,1.31006,1.31022,1.00,1.95
2018.01.30 13:37:44.615,1.31006,1.31019,1.00,1.00
2018.01.30 13:37:45.130,1.31006,1.3102,1.00,1.10
2018.01.30 13:37:46.997,1.31007,1.3102,1.00,1.10
2018.01.30 13:37:50.134,1.31008,1.3102,1.00,1.00
2018.01.30 13:37:50.185,1.3101,1.31024,2.70,1.12
2018.01.30 13:37:50.236,1.31014,1.31024,1.00,1.50
2018.01.30 13:37:50.287,1.31017,1.31034,1.10,1.25
2018.01.30 13:37:50.541,1.31019,1.31034,1.00,1.20
2018.01.30 13:37:51.074,1.31019,1.31034,1.00,1.31
2018.01.30 13:37:51.581,1.3102,1.31035,1.10,1.00
2018.01.30 13:37:55.209,1.31024,1.31038,1.00,2.51
2018.01.30 13:37:55.312,1.31024,1.31038,1.00,1.00
2018.01.30 13:37:56.273,1.31023,1.31038,1.20,1.00
2018.01.30 13:37:56.882,1.31024,1.31038,1.00,1.00
2018.01.30 13:38:00.117,1.31024,1.31039,1.00,1.10
2018.01.30 13:38:01.105,1.31024,1.31039,1.00,1.39
2018.01.30 13:38:01.950,1.31021,1.31037,1.47,1.25
2018.01.30 13:38:02.001,1.31021,1.31037,1.00,1.00
2018.01.30 13:38:02.689,1.31021,1.31037,1.00,1.56
2018.01.30 13:38:03.366,1.31021,1.31037,1.00,2.06
2018.01.30 13:38:04.005,1.31021,1.31037,1.00,2.06
2018.01.30 13:38:04.108,1.31021,1.31037,1.00,2.14
2018.01.30 13:38:04.272,1.31018,1.31032,1.10,1.00
2018.01.30 13:38:04.425,1.31015,1.31029,1.00,1.00
2018.01.30 13:38:04.527,1.3101,1.31028,3.45,1.95
2018.01.30 13:38:04.732,1.3101,1.31026,1.12,1.20
2018.01.30 13:38:14.624,1.3101,1.31024,1.00,1.25
2018.01.30 13:38:16.720,1.3101,1.31026,1.50,2.51
2018.01.30 13:38:17.325,1.31011,1.31026,1.00,1.01
2018.01.30 13:38:21.854,1.31011,1.31027,1.76,1.57
2018.01.30 13:38:23.025,1.31011,1.31027,1.00,2.25
2018.01.30 13:38:23.570,1.3101,1.31025,1.00,1.10
2018.01.30 13:38:24.400,1.3101,1.31025,1.00,1.20
2018.01.30 13:38:24.474,1.3101,1.31025,1.00,1.01
2018.01.30 13:38:25.036,1.3101,1.31025,1.00,1.20
2018.01.30 13:38:25.891,1.3101,1.31025,1.00,1.01
2018.01.30 13:38:26.461,1.3101,1.31025,1.00,1.39
2018.01.30 13:38:26.854,1.3101,1.31024,1.00,1.76
2018.01.30 13:38:27.059,1.31005,1.31018,1.00,1.00
2018.01.30 13:38:27.588,1.31004,1.31018,1.00,1.10
2018.01.30 13:38:28.344,1.31003,1.31018,1.00,1.00
2018.01.30 13:38:33.723,1.31003,1.31018,1.00,1.44
2018.01.30 13:38:34.348,1.31002,1.31018,1.00,1.44
2018.01.30 13:38:35.006,1.31001,1.31016,1.00,1.00
2018.01.30 13:38:35.518,1.30999,1.31016,1.50,1.39
2018.01.30 13:38:36.067,1.30999,1.31016,1.50,1.39
2018.01.30 13:38:37.010,1.30999,1.31016,1.50,1.76
2018.01.30 13:38:37.115,1.30999,1.31016,1.50,1.39
2018.01.30 13:38:37.861,1.30999,1.31016,1.57,1.76
2018.01.30 13:38:38.131,1.30999,1.31016,1.57,2.14
2018.01.30 13:38:38.233,1.30999,1.31016,1.57,2.70
2018.01.30 13:38:44.105,1.31002,1.31016,1.00,1.10
2018.01.30 13:38:45.177,1.31002,1.31017,1.00,1.01
2018.01.30 13:38:45.914,1.31002,1.31017,1.00,1.20
2018.01.30 13:38:46.459,1.31002,1.31017,1.00,1.10
2018.01.30 13:38:46.998,1.31002,1.31016,1.00,1.00
2018.01.30 13:38:49.716,1.31,1.31016,2.62,1.13
2018.01.30 13:38:58.956,1.31,1.31016,2.89,1.00
2018.01.30 13:39:06.373,1.31,1.31016,2.32,1.10
2018.01.30 13:39:14.328,1.31,1.31016,2.70,1.00
2018.01.30 13:39:15.713,1.31002,1.31016,1.00,1.00
2018.01.30 13:39:16.329,1.31003,1.31016,1.00,1.00
2018.01.30 13:39:16.840,1.31003,1.31018,1.00,1.10
2018.01.30 13:39:18.569,1.31004,1.31019,1.00,1.95
2018.01.30 13:39:19.303,1.31004,1.31019,1.00,1.00
2018.01.30 13:39:20.288,1.31004,1.31019,1.00,1.20
2018.01.30 13:39:22.699,1.31004,1.31019,1.00,1.10
2018.01.30 13:39:35.147,1.31002,1.31019,2.25,1.10
2018.01.30 13:39:35.663,1.31002,1.31019,1.50,1.20
2018.01.30 13:39:41.300,1.31002,1.31019,1.12,1.20
2018.01.30 13:39:41.351,1.31002,1.31019,1.00,1.76
2018.01.30 13:39:43.431,1.31002,1.31019,1.00,1.01
2018.01.30 13:39:43.483,1.31004,1.31019,1.00,1.10
2018.01.30 13:39:46.299,1.31004,1.3102,2.44,1.00
2018.01.30 13:39:46.453,1.31007,1.31023,1.00,1.10
2018.01.30 13:39:46.888,1.31009,1.31023,1.00,1.10
2018.01.30 13:39:47.891,1.31013,1.31027,1.00,1.10
2018.01.30 13:39:52.312,1.31014,1.31027,1.00,1.00
2018.01.30 13:39:53.248,1.31014,1.31028,1.00,1.00
2018.01.30 13:39:53.806,1.31013,1.31028,1.50,1.00
2018.01.30 13:40:00.012,1.31011,1.31028,1.10,1.50
2018.01.30 13:40:00.194,1.31011,1.31028,1.10,2.70
2018.01.30 13:40:01.230,1.31011,1.31028,1.10,2.89
2018.01.30 13:40:01.772,1.31011,1.31028,1.10,2.89
2018.01.30 13:40:02.295,1.31011,1.31028,1.10,2.70
2018.01.30 13:40:02.940,1.31011,1.31028,1.10,2.89
2018.01.30 13:40:03.476,1.31011,1.31028,1.10,2.89
2018.01.30 13:40:04.995,1.31011,1.31028,1.10,2.89
2018.01.30 13:40:05.622,1.3101,1.31026,1.57,1.10
2018.01.30 13:40:06.235,1.3101,1.31026,1.57,1.20
2018.01.30 13:40:07.024,1.3101,1.31026,1.57,1.10
2018.01.30 13:40:09.017,1.3101,1.31026,1.57,1.20
2018.01.30 13:40:10.585,1.3101,1.31026,1.57,1.01
2018.01.30 13:40:14.451,1.3101,1.31026,1.57,1.29
2018.01.30 13:40:15.059,1.3101,1.31026,1.57,1.01
2018.01.30 13:40:15.602,1.31009,1.31026,2.32,2.89
2018.01.30 13:40:16.452,1.31009,1.31025,1.00,1.31
2018.01.30 13:40:16.504,1.31008,1.31025,1.00,1.39
2018.01.30 13:40:17.011,1.31009,1.31024,1.00,1.01
2018.01.30 13:40:17.518,1.31009,1.31024,1.00,1.48
2018.01.30 13:40:17.908,1.31009,1.31024,1.00,1.01
2018.01.30 13:40:18.383,1.31008,1.31023,1.00,1.20
2018.01.30 13:40:19.096,1.31008,1.31023,1.00,1.10
2018.01.30 13:40:19.360,1.31006,1.31023,1.50,1.10
2018.01.30 13:40:23.998,1.31006,1.31023,1.00,1.45
2018.01.30 13:40:24.680,1.31006,1.31023,1.00,1.58
2018.01.30 13:40:25.292,1.31006,1.31022,1.00,1.58
2018.01.30 13:40:26.275,1.31005,1.31021,1.12,1.57
2018.01.30 13:40:28.378,1.31005,1.31021,1.87,2.33
2018.01.30 13:40:28.714,1.31002,1.31018,1.12,2.33
2018.01.30 13:40:30.599,1.31001,1.31018,2.25,1.76
2018.01.30 13:40:31.350,1.31001,1.31018,2.25,2.14
2018.01.30 13:40:32.786,1.31001,1.31018,1.57,2.51
2018.01.30 13:40:33.093,1.30999,1.31015,1.50,1.25
2018.01.30 13:40:34.096,1.30999,1.31015,1.50,1.31
2018.01.30 13:40:34.597,1.30999,1.31015,1.50,1.25
2018.01.30 13:40:35.148,1.31,1.31015,1.00,1.20
2018.01.30 13:40:37.931,1.30999,1.31015,1.50,1.20
2018.01.30 13:40:44.447,1.30999,1.31016,1.88,2.33
2018.01.30 13:40:45.504,1.30999,1.31016,1.88,2.33
2018.01.30 13:40:48.434,1.31,1.31016,1.00,2.33
2018.01.30 13:40:48.588,1.31002,1.31016,1.00,1.00
2018.01.30 13:40:52.934,1.31002,1.31017,2.06,1.50
2018.01.30 13:40:53.491,1.31003,1.31017,1.00,1.50
2018.01.30 13:41:00.133,1.31005,1.31017,1.00,1.00
2018.01.30 13:41:00.286,1.31002,1.31017,1.95,1.00
2018.01.30 13:41:00.853,1.31002,1.31019,1.95,2.14
2018.01.30 13:41:02.588,1.31003,1.31019,1.00,2.33
2018.01.30 13:41:03.111,1.31004,1.31019,1.00,1.95
2018.01.30 13:41:03.807,1.31004,1.31019,1.00,1.20
2018.01.30 13:41:08.082,1.31004,1.31019,1.00,1.01
2018.01.30 13:41:08.865,1.31004,1.31019,1.00,1.48
2018.01.30 13:41:12.395,1.31003,1.31019,1.00,1.48
2018.01.30 13:41:13.156,1.31002,1.31019,3.00,1.58
2018.01.30 13:41:15.806,1.31002,1.31019,2.25,1.89
2018.01.30 13:41:21.986,1.31002,1.31019,2.33,1.39
2018.01.30 13:41:23.122,1.31003,1.31019,1.00,1.58
2018.01.30 13:41:23.382,1.31002,1.31019,1.31,1.58
2018.01.30 13:41:23.925,1.31003,1.31019,1.00,1.58
2018.01.30 13:41:24.468,1.31003,1.31019,1.00,1.58
2018.01.30 13:41:25.225,1.31002,1.31019,2.25,1.58
2018.01.30 13:41:25.766,1.31003,1.31019,1.00,1.39
2018.01.30 13:41:30.328,1.31004,1.31019,1.00,1.39
2018.01.30 13:41:32.116,1.31004,1.31019,1.00,1.25
2018.01.30 13:41:34.804,1.31003,1.31019,1.25,1.25
2018.01.30 13:41:35.416,1.31003,1.31019,1.00,1.44
2018.01.30 13:41:36.027,1.31002,1.31019,2.06,1.39
2018.01.30 13:41:36.817,1.31002,1.31019,1.87,1.39
2018.01.30 13:41:41.165,1.31002,1.31019,1.87,1.76
2018.01.30 13:41:41.689,1.31002,1.31019,1.87,1.76
2018.01.30 13:41:45.043,1.31001,1.31017,1.69,1.13
2018.01.30 13:41:45.551,1.31001,1.31018,1.00,1.20
2018.01.30 13:41:46.556,1.31001,1.31018,1.00,1.39
2018.01.30 13:41:48.193,1.31001,1.31018,1.00,1.39
2018.01.30 13:41:50.062,1.31001,1.31017,1.00,1.01
2018.01.30 13:41:50.656,1.31001,1.31017,1.00,1.01
2018.01.30 13:41:52.002,1.31001,1.31018,1.00,2.14
2018.01.30 13:41:52.326,1.30998,1.31016,1.50,2.14
2018.01.30 13:41:52.993,1.30998,1.31015,1.57,1.64
2018.01.30 13:41:53.526,1.30998,1.31014,1.00,2.14
2018.01.30 13:41:54.082,1.30998,1.31014,1.00,1.95
2018.01.30 13:41:54.619,1.30998,1.31014,1.00,2.14
2018.01.30 13:41:54.929,1.30996,1.31014,2.25,2.51
2018.01.30 13:41:55.436,1.30998,1.31014,1.00,2.32
2018.01.30 13:41:56.001,1.30998,1.31014,1.00,2.14
2018.01.30 13:41:56.460,1.30998,1.31014,1.00,2.14
2018.01.30 13:41:56.662,1.30998,1.31014,1.00,2.14
2018.01.30 13:41:58.156,1.30996,1.31014,2.70,2.14
2018.01.30 13:41:58.208,1.30996,1.31011,1.20,1.25
2018.01.30 13:41:58.363,1.30991,1.31009,2.32,1.50
2018.01.30 13:41:58.873,1.30991,1.31008,1.57,1.20
2018.01.30 13:41:59.385,1.30991,1.31008,1.50,1.95
2018.01.30 13:41:59.997,1.3099,1.31006,1.57,1.39
2018.01.30 13:42:01.217,1.3099,1.31006,1.00,1.39
2018.01.30 13:42:06.636,1.30991,1.31006,1.00,1.20
2018.01.30 13:42:07.219,1.30991,1.31006,1.00,1.00
2018.01.30 13:42:09.284,1.3099,1.31006,1.25,1.00
2018.01.30 13:42:15.607,1.3099,1.31007,1.00,1.01
2018.01.30 13:42:16.733,1.30992,1.31007,1.00,1.25
2018.01.30 13:42:17.402,1.3099,1.31007,1.10,1.76
2018.01.30 13:42:20.328,1.3099,1.31007,1.00,1.95
2018.01.30 13:42:20.851,1.30989,1.31006,1.50,1.76
2018.01.30 13:42:20.902,1.30988,1.31004,1.50,1.50
2018.01.30 13:42:21.673,1.30988,1.31004,1.00,1.57
2018.01.30 13:42:22.208,1.30988,1.31004,1.00,2.32
2018.01.30 13:42:24.713,1.30988,1.31004,1.50,2.06
2018.01.30 13:42:26.150,1.30989,1.31004,1.00,1.10
2018.01.30 13:42:30.626,1.30989,1.31005,1.13,1.00
2018.01.30 13:42:31.199,1.3099,1.31005,1.00,1.00
2018.01.30 13:42:32.363,1.30991,1.31005,1.10,1.00
2018.01.30 13:42:33.112,1.30991,1.31008,1.88,1.57
2018.01.30 13:42:33.215,1.30991,1.31008,1.31,1.57
2018.01.30 13:42:33.318,1.30992,1.31008,2.32,1.10
2018.01.30 13:42:33.777,1.30992,1.31008,2.63,1.00
2018.01.30 13:42:34.247,1.30992,1.31008,2.63,1.00
2018.01.30 13:42:34.777,1.30993,1.31008,1.50,1.00
2018.01.30 13:42:36.434,1.30993,1.31008,1.12,1.00
2018.01.30 13:42:37.141,1.30993,1.31008,1.44,1.00
2018.01.30 13:42:39.027,1.30993,1.31008,1.00,1.00
2018.01.30 13:42:39.541,1.30992,1.31008,2.62,1.00
2018.01.30 13:42:41.777,1.30993,1.31008,1.00,1.25
2018.01.30 13:42:43.141,1.30994,1.31008,1.00,1.00
2018.01.30 13:42:43.876,1.30993,1.31008,1.00,1.00
2018.01.30 13:42:44.655,1.30992,1.31008,2.70,1.00
2018.01.30 13:42:45.657,1.30992,1.31009,2.62,1.95
2018.01.30 13:42:46.337,1.30993,1.31009,1.10,1.57
2018.01.30 13:42:46.929,1.30993,1.31009,1.88,1.95
2018.01.30 13:42:47.616,1.30993,1.31008,2.25,1.10
2018.01.30 13:42:48.138,1.30993,1.31008,3.00,1.00
2018.01.30 13:42:48.290,1.30995,1.31011,1.50,1.20
2018.01.30 13:42:48.961,1.30995,1.31011,2.14,1.10
2018.01.30 13:42:49.953,1.30997,1.31011,1.00,1.00
2018.01.30 13:42:52.733,1.30997,1.31012,1.57,1.00
2018.01.30 13:42:53.051,1.30998,1.31015,2.32,1.57
2018.01.30 13:42:58.689,1.30998,1.31015,1.20,2.14
2018.01.30 13:42:59.261,1.30998,1.31015,1.12,2.14
2018.01.30 13:43:00.753,1.30998,1.31014,1.00,1.39
2018.01.30 13:43:01.269,1.30998,1.31014,1.00,1.66
2018.01.30 13:43:01.803,1.30997,1.31014,1.00,1.66
2018.01.30 13:43:02.320,1.30996,1.31014,4.01,2.51
2018.01.30 13:43:02.928,1.30996,1.31014,3.82,2.51
2018.01.30 13:43:03.218,1.30996,1.31014,2.44,2.89
2018.01.30 13:43:03.373,1.30994,1.3101,1.00,1.13
2018.01.30 13:43:03.891,1.30994,1.3101,1.00,1.44
2018.01.30 13:43:04.840,1.30994,1.3101,1.50,1.20
2018.01.30 13:43:05.359,1.30994,1.3101,1.50,1.76
2018.01.30 13:43:05.886,1.30995,1.3101,1.00,1.57
2018.01.30 13:43:06.286,1.30995,1.31012,1.57,1.31
2018.01.30 13:43:07.342,1.30997,1.31012,1.50,1.25
2018.01.30 13:43:08.670,1.30999,1.31013,1.00,1.00
2018.01.30 13:43:15.883,1.30999,1.31013,1.69,1.00
2018.01.30 13:43:15.934,1.31,1.31015,1.25,1.50
2018.01.30 13:43:16.188,1.31001,1.31018,2.14,1.95
2018.01.30 13:43:18.411,1.31003,1.31018,1.00,1.57
2018.01.30 13:43:23.296,1.31002,1.31018,1.00,1.31
2018.01.30 13:43:23.857,1.31002,1.31018,1.00,1.69
2018.01.30 13:43:25.731,1.31002,1.31018,1.00,1.31
2018.01.30 13:43:26.278,1.31001,1.31018,2.25,1.76
2018.01.30 13:43:26.822,1.31001,1.31018,2.25,1.76
2018.01.30 13:43:27.800,1.31001,1.31018,2.25,1.39
2018.01.30 13:43:41.144,1.31003,1.31018,1.00,1.25
2018.01.30 13:43:41.668,1.31004,1.31018,1.00,1.01
2018.01.30 13:43:45.824,1.31004,1.31017,1.00,1.00
2018.01.30 13:44:08.947,1.31002,1.31017,1.69,1.25
2018.01.30 13:44:11.207,1.31002,1.31017,1.00,1.63
2018.01.30 13:44:11.969,1.31002,1.31017,1.00,1.44
2018.01.30 13:44:12.830,1.31002,1.31017,1.00,1.13
2018.01.30 13:44:13.345,1.31002,1.31017,1.00,1.44
2018.01.30 13:44:15.836,1.31001,1.31018,2.25,1.76
2018.01.30 13:44:18.367,1.31001,1.31018,1.00,1.76
2018.01.30 13:44:18.892,1.31001,1.31018,1.87,1.10
2018.01.30 13:44:19.496,1.31001,1.31018,1.95,1.20
2018.01.30 13:44:20.018,1.31002,1.31018,1.00,1.20
2018.01.30 13:44:20.524,1.31002,1.31018,1.10,1.10
2018.01.30 13:44:24.680,1.31002,1.31018,1.00,1.58
2018.01.30 13:44:33.765,1.31001,1.31018,1.87,1.20
2018.01.30 13:44:34.093,1.31,1.31015,1.00,1.69
2018.01.30 13:44:47.850,1.31,1.31013,1.25,1.00
2018.01.30 13:44:49.358,1.31,1.31016,1.00,1.10
2018.01.30 13:44:51.032,1.31,1.31014,1.87,1.45
2018.01.30 13:44:51.338,1.30998,1.31012,2.81,1.45
2018.01.30 13:44:51.451,1.30998,1.31012,1.87,1.45
2018.01.30 13:44:52.091,1.30998,1.31012,1.87,1.20
2018.01.30 13:44:52.294,1.30997,1.31009,1.12,1.45
2018.01.30 13:44:52.870,1.30996,1.31008,1.00,1.20
2018.01.30 13:44:53.475,1.30995,1.31009,1.87,1.45
2018.01.30 13:44:53.887,1.30995,1.31007,1.87,1.45
2018.01.30 13:44:56.235,1.30996,1.31007,1.00,1.45
2018.01.30 13:44:56.817,1.30996,1.31008,1.00,1.20
2018.01.30 13:45:00.914,1.30995,1.31008,1.12,1.20
2018.01.30 13:45:01.038,1.30995,1.31007,1.12,1.47
2018.01.30 13:45:02.050,1.30993,1.31007,3.00,1.45
2018.01.30 13:45:02.208,1.30992,1.31006,1.12,1.45
2018.01.30 13:45:02.311,1.30992,1.31003,1.12,1.20
2018.01.30 13:45:02.845,1.30991,1.31002,1.87,1.20
2018.01.30 13:45:03.195,1.30989,1.31,1.00,1.45
2018.01.30 13:45:03.399,1.30989,1.31002,1.00,1.45
2018.01.30 13:45:03.501,1.30989,1.31,1.00,1.45
2018.01.30 13:45:04.167,1.30989,1.31002,1.00,1.45
2018.01.30 13:45:04.755,1.30987,1.31002,3.00,1.45
2018.01.30 13:45:05.358,1.30987,1.31,3.75,1.20
2018.01.30 13:45:06.097,1.30987,1.30999,3.75,1.20
2018.01.30 13:45:08.231,1.30987,1.30999,3.00,1.20
2018.01.30 13:45:09.352,1.30987,1.31,2.25,1.20
2018.01.30 13:45:09.556,1.30986,1.30998,1.87,1.45
2018.01.30 13:45:13.099,1.30985,1.30998,2.25,1.20
2018.01.30 13:45:14.486,1.30985,1.30998,1.50,1.20
2018.01.30 13:45:14.787,1.30988,1.31001,1.00,1.45
2018.01.30 13:45:15.542,1.30988,1.30999,1.00,1.20
2018.01.30 13:45:16.280,1.30988,1.31002,1.87,1.45
2018.01.30 13:45:17.584,1.30989,1.31002,1.00,1.45
2018.01.30 13:45:18.641,1.30988,1.31002,1.87,1.45
2018.01.30 13:45:19.165,1.30989,1.31002,1.00,1.20
2018.01.30 13:45:19.674,1.30989,1.31002,1.00,1.45
2018.01.30 13:45:23.559,1.30989,1.31,1.00,1.20
2018.01.30 13:45:26.590,1.30987,1.31,1.87,1.20
2018.01.30 13:45:26.692,1.30983,1.30994,1.00,1.20
2018.01.30 13:45:26.744,1.30981,1.30994,1.87,1.20
2018.01.30 13:45:26.896,1.3098,1.30991,1.00,1.20
2018.01.30 13:45:27.200,1.30978,1.3099,1.00,1.45
2018.01.30 13:45:27.746,1.30978,1.30988,1.00,1.20
2018.01.30 13:45:27.797,1.30976,1.30988,1.87,1.20
2018.01.30 13:45:28.307,1.30977,1.30988,1.00,1.20
2018.01.30 13:45:28.808,1.30976,1.30988,1.25,1.45
2018.01.30 13:45:28.961,1.30974,1.30988,2.25,1.20
2018.01.30 13:45:29.012,1.30975,1.30986,1.00,1.20
2018.01.30 13:45:29.429,1.30975,1.30988,1.00,1.00
2018.01.30 13:45:31.007,1.30975,1.30989,1.00,1.01
2018.01.30 13:45:31.509,1.30975,1.30989,1.00,1.39
2018.01.30 13:45:31.666,1.30973,1.30989,2.25,1.00
2018.01.30 13:45:31.717,1.30973,1.30987,1.00,1.00
2018.01.30 13:45:32.224,1.30972,1.30987,1.00,1.20
2018.01.30 13:45:32.275,1.3097,1.30987,1.10,1.76
2018.01.30 13:45:34.739,1.30972,1.30986,1.00,1.01
2018.01.30 13:45:34.840,1.30969,1.30986,1.12,1.10
2018.01.30 13:45:34.942,1.30971,1.30986,1.00,1.01
2018.01.30 13:45:35.151,1.30969,1.30986,2.06,1.10
2018.01.30 13:45:36.211,1.30969,1.30986,2.25,1.10
2018.01.30 13:45:36.517,1.30972,1.30987,1.25,1.20
2018.01.30 13:45:37.050,1.30972,1.30988,1.00,2.70
2018.01.30 13:45:41.685,1.30973,1.30988,1.00,1.20
2018.01.30 13:45:43.295,1.30972,1.30988,1.50,1.20
2018.01.30 13:45:43.907,1.30972,1.30988,1.50,1.57
2018.01.30 13:45:45.521,1.30972,1.30988,1.50,3.64
2018.01.30 13:45:49.696,1.3097,1.30987,1.50,1.76
2018.01.30 13:45:52.964,1.3097,1.30987,1.50,1.95
2018.01.30 13:45:53.345,1.30972,1.30986,1.00,1.00
2018.01.30 13:45:53.860,1.30972,1.30987,1.00,2.51
2018.01.30 13:45:54.370,1.30973,1.30987,1.00,1.57
2018.01.30 13:45:55.247,1.30973,1.30987,1.00,1.20
2018.01.30 13:45:55.830,1.30974,1.30987,1.00,1.10
2018.01.30 13:45:56.378,1.30975,1.30988,1.50,1.00
2018.01.30 13:45:58.373,1.30976,1.30988,1.00,1.00
2018.01.30 13:45:59.373,1.30974,1.30988,1.00,1.00
2018.01.30 13:46:01.047,1.30974,1.3099,1.00,1.10
2018.01.30 13:46:13.124,1.30974,1.3099,1.50,1.20
2018.01.30 13:46:13.743,1.30974,1.3099,1.50,1.10
2018.01.30 13:46:16.076,1.30974,1.30989,1.50,1.00
2018.01.30 13:46:17.050,1.30974,1.30989,1.50,1.20
2018.01.30 13:46:17.281,1.30971,1.30988,1.00,1.47
2018.01.30 13:46:17.899,1.3097,1.30986,2.32,1.00
2018.01.30 13:46:18.412,1.30971,1.30986,1.00,1.25
2018.01.30 13:46:19.456,1.30971,1.30984,1.00,1.20
2018.01.30 13:46:20.443,1.3097,1.30982,1.00,1.20
2018.01.30 13:46:23.456,1.30969,1.30982,1.87,1.20
2018.01.30 13:46:24.026,1.30969,1.30982,1.87,1.45
2018.01.30 13:46:24.721,1.30969,1.30982,1.87,1.20
2018.01.30 13:46:29.698,1.30969,1.30981,1.00,1.20
2018.01.30 13:46:30.246,1.30968,1.30981,1.00,1.20
2018.01.30 13:46:30.912,1.30968,1.3098,1.50,1.20
2018.01.30 13:46:33.053,1.30968,1.30981,1.50,1.20
2018.01.30 13:46:33.403,1.30968,1.30979,1.00,1.20
2018.01.30 13:46:35.427,1.30966,1.3098,1.12,1.45
2018.01.30 13:46:36.024,1.30966,1.30978,1.12,1.20
2018.01.30 13:46:39.784,1.30967,1.30978,1.00,1.20
2018.01.30 13:46:46.925,1.30963,1.30978,1.69,1.20
2018.01.30 13:46:46.976,1.30963,1.30977,1.50,1.45
2018.01.30 13:46:47.280,1.30963,1.30975,1.00,1.45
2018.01.30 13:46:50.963,1.30963,1.30975,2.44,1.20
2018.01.30 13:46:51.277,1.30964,1.30975,2.06,1.20
2018.01.30 13:46:51.812,1.30966,1.30976,1.00,1.47
2018.01.30 13:46:51.914,1.30966,1.30977,1.00,1.20
2018.01.30 13:46:52.938,1.30966,1.30977,1.00,1.45
2018.01.30 13:46:53.676,1.30966,1.30977,1.69,1.20
2018.01.30 13:46:55.705,1.30967,1.30977,1.00,1.20
2018.01.30 13:46:56.306,1.30966,1.30979,1.88,1.20
2018.01.30 13:46:56.358,1.30968,1.30979,1.44,1.20
2018.01.30 13:46:56.976,1.30969,1.3098,1.00,1.20
2018.01.30 13:46:57.635,1.3097,1.3098,1.00,1.20
2018.01.30 13:46:58.245,1.30969,1.3098,1.25,1.20
2018.01.30 13:46:59.457,1.30969,1.30979,1.00,1.20
2018.01.30 13:47:00.202,1.30967,1.3098,1.00,2.33
2018.01.30 13:47:00.308,1.30965,1.30977,1.00,1.45
2018.01.30 13:47:00.896,1.30965,1.30976,1.00,1.47
2018.01.30 13:47:02.845,1.30964,1.30976,1.00,1.45
2018.01.30 13:47:05.321,1.30964,1.30975,1.00,1.45
2018.01.30 13:47:06.960,1.30962,1.30974,1.50,1.20
2018.01.30 13:47:12.080,1.30963,1.30975,1.00,1.47
2018.01.30 13:47:13.232,1.30963,1.30974,1.00,1.45
2018.01.30 13:47:31.655,1.30962,1.30974,1.50,1.45
2018.01.30 13:47:34.233,1.30962,1.30974,1.50,1.20
2018.01.30 13:47:39.446,1.30966,1.30975,1.00,1.45
2018.01.30 13:47:39.497,1.30966,1.30977,1.00,1.20
2018.01.30 13:47:40.001,1.30965,1.30978,1.00,1.20
2018.01.30 13:47:41.795,1.30965,1.30979,1.00,1.20
2018.01.30 13:47:43.140,1.30967,1.30979,1.00,1.20
2018.01.30 13:47:43.673,1.30965,1.30979,1.00,1.20
2018.01.30 13:47:44.081,1.30967,1.30978,1.00,1.20
2018.01.30 13:47:44.515,1.30964,1.3098,1.00,1.45
2018.01.30 13:47:48.015,1.30963,1.3098,3.75,3.08
2018.01.30 13:47:48.943,1.30963,1.3098,3.37,2.70
2018.01.30 13:47:52.379,1.30963,1.3098,3.75,2.89
2018.01.30 13:47:53.052,1.30963,1.3098,3.37,2.70
2018.01.30 13:47:53.810,1.30963,1.3098,3.75,2.89
2018.01.30 13:47:57.396,1.30963,1.3098,3.56,2.70
2018.01.30 13:48:00.217,1.30963,1.3098,3.56,2.70
2018.01.30 13:48:00.907,1.30963,1.30979,3.00,1.45
2018.01.30 13:48:01.448,1.30963,1.30979,3.00,1.95
2018.01.30 13:48:03.248,1.30963,1.30978,3.00,1.45
2018.01.30 13:48:03.895,1.30963,1.30976,1.00,2.14
2018.01.30 13:48:05.791,1.30961,1.30976,1.00,1.45
2018.01.30 13:48:06.298,1.30961,1.30976,1.00,1.70
2018.01.30 13:48:09.413,1.30961,1.30976,1.00,2.70
2018.01.30 13:48:09.516,1.30961,1.30974,1.00,1.45
2018.01.30 13:48:09.567,1.30958,1.30972,1.00,1.45
2018.01.30 13:48:11.716,1.30958,1.30972,1.00,1.45
2018.01.30 13:48:12.326,1.30957,1.30972,1.50,1.45
2018.01.30 13:48:17.938,1.30957,1.30971,1.00,1.45
2018.01.30 13:48:18.109,1.30957,1.30968,1.00,1.95
2018.01.30 13:48:18.160,1.30952,1.30968,1.00,1.70
2018.01.30 13:48:18.463,1.30952,1.30967,1.00,1.45
2018.01.30 13:48:22.682,1.30952,1.30968,1.50,2.70
2018.01.30 13:48:23.221,1.30953,1.30968,1.00,1.95
2018.01.30 13:48:24.848,1.30954,1.30968,1.00,1.45
2018.01.30 13:48:25.394,1.30955,1.30968,1.00,1.45
2018.01.30 13:48:28.102,1.30956,1.30969,1.00,1.45
2018.01.30 13:48:29.091,1.30954,1.30969,1.50,1.45
2018.01.30 13:48:29.193,1.30952,1.30967,2.62,1.45
2018.01.30 13:48:29.694,1.30952,1.30968,1.87,1.95
2018.01.30 13:48:30.353,1.30952,1.30967,1.87,1.45
2018.01.30 13:48:33.183,1.30953,1.30967,1.25,1.45
2018.01.30 13:48:35.407,1.30954,1.30968,1.00,1.45
2018.01.30 13:48:35.458,1.30954,1.30969,1.00,1.45
2018.01.30 13:48:35.975,1.30954,1.3097,1.88,2.32
2018.01.30 13:48:36.528,1.30956,1.3097,1.00,2.32
2018.01.30 13:48:38.548,1.30956,1.3097,1.00,2.14
2018.01.30 13:48:38.600,1.30954,1.30969,1.00,1.70
2018.01.30 13:48:39.122,1.30954,1.30969,1.00,2.51
2018.01.30 13:48:39.274,1.30952,1.30967,1.25,1.45
2018.01.30 13:48:51.496,1.30953,1.3097,3.19,2.32
2018.01.30 13:48:52.048,1.30953,1.3097,3.19,1.95
2018.01.30 13:48:53.772,1.30953,1.3097,2.81,2.14
2018.01.30 13:48:53.874,1.30952,1.30966,1.50,1.10
2018.01.30 13:48:54.175,1.30952,1.30967,1.00,2.14
2018.01.30 13:48:54.690,1.30952,1.30967,1.00,1.95
2018.01.30 13:48:55.439,1.30952,1.30967,1.00,1.70
2018.01.30 13:48:59.502,1.30952,1.30968,1.00,4.39
2018.01.30 13:49:00.420,1.30952,1.30966,1.00,1.45
2018.01.30 13:49:01.198,1.30952,1.30966,1.00,1.95
2018.01.30 13:49:02.806,1.30949,1.30966,1.50,3.08
2018.01.30 13:49:03.392,1.30948,1.30966,1.69,3.26
2018.01.30 13:49:03.958,1.30949,1.30966,1.00,4.01
2018.01.30 13:49:04.548,1.30949,1.30966,1.50,2.14
2018.01.30 13:49:05.243,1.30949,1.30966,1.69,2.70
2018.01.30 13:49:07.144,1.3095,1.30966,1.38,1.45
2018.01.30 13:49:08.934,1.30953,1.30966,1.00,1.45
2018.01.30 13:49:09.660,1.30953,1.30966,1.00,1.45
2018.01.30 13:49:12.297,1.30953,1.30967,1.00,1.95
2018.01.30 13:49:12.830,1.30953,1.30967,1.50,1.45
2018.01.30 13:49:14.648,1.30953,1.30967,1.88,1.45
2018.01.30 13:49:14.699,1.30956,1.3097,1.00,1.45
2018.01.30 13:49:15.205,1.30955,1.30972,1.50,1.45
2018.01.30 13:49:16.661,1.30958,1.30971,1.00,1.45
2018.01.30 13:49:18.283,1.30958,1.30971,1.00,3.45
2018.01.30 13:49:18.405,1.30956,1.30971,1.00,3.45
2018.01.30 13:49:18.953,1.30956,1.30971,1.00,4.20
2018.01.30 13:49:19.808,1.30956,1.3097,1.00,1.95
2018.01.30 13:49:20.239,1.30952,1.30967,1.12,1.45
2018.01.30 13:49:20.651,1.30953,1.30967,1.00,1.45
2018.01.30 13:49:20.905,1.3095,1.30966,1.25,1.57
2018.01.30 13:49:29.770,1.3095,1.30966,1.69,2.14
2018.01.30 13:49:31.467,1.30949,1.30966,1.31,2.14
2018.01.30 13:49:33.609,1.3095,1.30966,1.00,1.95
2018.01.30 13:49:35.207,1.3095,1.30966,1.00,1.95
2018.01.30 13:49:35.745,1.30949,1.30966,2.44,1.95
2018.01.30 13:49:39.310,1.30949,1.30966,2.44,2.14
2018.01.30 13:49:39.777,1.30951,1.30967,1.12,1.45
2018.01.30 13:49:39.880,1.30952,1.30968,1.31,1.45
2018.01.30 13:49:40.227,1.30955,1.30971,1.25,2.70
2018.01.30 13:49:40.751,1.30956,1.30971,1.00,1.45
2018.01.30 13:49:41.298,1.30956,1.30971,1.00,1.45
2018.01.30 13:49:42.927,1.30957,1.30971,1.00,1.45
2018.01.30 13:49:44.075,1.30957,1.30971,1.00,1.70
2018.01.30 13:49:44.656,1.30957,1.30971,1.00,1.45
2018.01.30 13:49:45.372,1.30957,1.30971,1.00,2.32
2018.01.30 13:49:46.548,1.30957,1.3097,1.00,1.45
2018.01.30 13:49:48.167,1.30957,1.30972,1.00,2.70
2018.01.30 13:49:52.649,1.30957,1.30972,1.00,2.51
2018.01.30 13:49:52.700,1.30957,1.30971,1.00,1.45
2018.01.30 13:49:58.775,1.30957,1.30971,1.00,1.45
2018.01.30 13:50:01.628,1.30957,1.30972,1.00,1.95
2018.01.30 13:50:04.446,1.30957,1.30972,1.00,1.95
2018.01.30 13:50:05.633,1.30957,1.30972,1.00,1.95
2018.01.30 13:50:06.236,1.30957,1.30972,1.00,2.70
2018.01.30 13:50:09.473,1.30957,1.30972,1.00,1.95
2018.01.30 13:50:09.576,1.30957,1.30972,1.00,2.70
2018.01.30 13:50:14.833,1.30957,1.30972,1.00,1.95
2018.01.30 13:50:14.935,1.30957,1.30972,1.00,2.70
2018.01.30 13:50:18.032,1.30957,1.30972,1.00,1.95
2018.01.30 13:50:18.378,1.30954,1.30969,1.00,1.00
2018.01.30 13:50:18.480,1.30954,1.30969,1.00,2.70
2018.01.30 13:50:18.531,1.30952,1.30967,1.00,1.70
2018.01.30 13:50:19.078,1.30952,1.30967,1.00,2.32
2018.01.30 13:50:20.229,1.30953,1.30967,1.00,1.95
2018.01.30 13:50:24.087,1.30953,1.30966,1.00,1.45
2018.01.30 13:50:25.589,1.30953,1.30966,1.00,1.95
2018.01.30 13:50:28.808,1.30953,1.30966,1.00,1.45
2018.01.30 13:50:29.597,1.30953,1.30966,1.00,1.45
2018.01.30 13:50:31.085,1.30953,1.30965,1.00,1.45
2018.01.30 13:50:33.559,1.30953,1.30966,1.00,1.95
2018.01.30 13:50:34.816,1.30953,1.30966,1.00,1.95
2018.01.30 13:50:36.596,1.30953,1.30966,1.00,1.95
2018.01.30 13:50:37.146,1.30953,1.30966,1.00,2.70
2018.01.30 13:50:40.749,1.30953,1.30966,1.95,1.50
2018.01.30 13:50:41.278,1.30953,1.30966,1.95,1.00
2018.01.30 13:50:46.616,1.30954,1.30967,1.20,1.00
2018.01.30 13:50:52.446,1.30955,1.30967,1.45,1.00
2018.01.30 13:50:56.672,1.30955,1.30967,1.20,1.69
2018.01.30 13:50:56.979,1.30954,1.30965,1.20,1.00
2018.01.30 13:50:58.204,1.30953,1.30965,1.95,1.25
2018.01.30 13:50:59.888,1.30953,1.30964,1.20,1.00
2018.01.30 13:51:03.106,1.30953,1.30965,1.20,1.25
2018.01.30 13:51:14.693,1.30953,1.30964,1.95,1.00
2018.01.30 13:51:20.485,1.30951,1.30964,1.20,2.44
2018.01.30 13:51:24.333,1.30952,1.30964,1.47,2.44
2018.01.30 13:51:26.717,1.30954,1.30964,1.45,1.00
2018.01.30 13:51:28.046,1.30954,1.30966,1.20,1.00
2018.01.30 13:51:28.781,1.30954,1.30966,1.45,1.00
2018.01.30 13:51:30.327,1.30955,1.30967,1.45,1.00
2018.01.30 13:51:32.795,1.30955,1.30967,1.20,1.00
2018.01.30 13:51:38.833,1.30955,1.30967,1.45,1.25
2018.01.30 13:51:39.350,1.30955,1.30967,1.20,1.25
2018.01.30 13:51:40.019,1.30955,1.30967,1.45,1.25
2018.01.30 13:51:40.597,1.30955,1.30967,1.45,1.44
2018.01.30 13:51:53.161,1.30954,1.30967,1.47,1.87
2018.01.30 13:51:53.417,1.30954,1.30967,1.47,1.87
2018.01.30 13:51:54.460,1.30954,1.30967,1.47,1.00
2018.01.30 13:51:55.048,1.30956,1.30967,1.20,1.00
2018.01.30 13:52:08.096,1.30956,1.30967,1.45,1.00
2018.01.30 13:52:09.149,1.30956,1.30967,1.20,1.00
2018.01.30 13:52:09.252,1.30957,1.30967,1.45,1.00
2018.01.30 13:52:09.406,1.30957,1.30971,1.20,1.00
2018.01.30 13:52:09.508,1.3096,1.30971,1.20,1.00
2018.01.30 13:52:10.060,1.3096,1.30971,1.45,1.00
2018.01.30 13:52:10.576,1.3096,1.30971,1.20,1.00
2018.01.30 13:52:11.058,1.30961,1.30971,1.47,1.00
2018.01.30 13:52:11.211,1.3096,1.30973,1.95,1.00
2018.01.30 13:52:15.782,1.3096,1.30975,1.95,1.00
2018.01.30 13:52:16.289,1.30962,1.30975,1.95,1.00
2018.01.30 13:52:16.848,1.30964,1.30975,1.20,1.00
2018.01.30 13:52:18.450,1.30964,1.30977,1.20,1.31
2018.01.30 13:52:19.566,1.30962,1.30974,1.95,1.00
2018.01.30 13:52:20.072,1.30962,1.30974,1.20,1.00
2018.01.30 13:52:20.582,1.30961,1.30974,1.95,1.00
2018.01.30 13:52:23.774,1.30961,1.30974,1.95,1.00
2018.01.30 13:52:24.765,1.30962,1.30976,1.20,1.69
2018.01.30 13:52:24.917,1.30962,1.30977,1.20,2.25
2018.01.30 13:52:29.570,1.30963,1.30975,1.45,1.00
2018.01.30 13:52:30.741,1.30962,1.30975,1.95,1.00
2018.01.30 13:52:34.574,1.30963,1.30975,1.45,1.00
2018.01.30 13:52:35.377,1.30965,1.30975,1.20,1.00
2018.01.30 13:52:37.997,1.30965,1.30976,1.20,1.69
2018.01.30 13:52:38.051,1.30962,1.30976,2.70,1.69
2018.01.30 13:52:38.156,1.30965,1.30977,1.45,1.00
2018.01.30 13:52:38.677,1.30967,1.30977,1.20,1.00
2018.01.30 13:52:38.919,1.30965,1.30977,1.20,1.00
2018.01.30 13:52:39.022,1.30967,1.30977,1.45,1.00
2018.01.30 13:52:39.942,1.30967,1.30981,1.20,2.06
2018.01.30 13:52:40.044,1.30968,1.30981,1.45,1.00
2018.01.30 13:52:40.710,1.30968,1.30981,1.20,1.00
2018.01.30 13:52:42.235,1.30969,1.30981,1.20,1.00
2018.01.30 13:52:48.053,1.30969,1.30981,1.20,1.69
2018.01.30 13:52:48.562,1.30969,1.30981,1.20,1.00
2018.01.30 13:52:51.565,1.30969,1.30981,1.20,1.44
2018.01.30 13:52:52.902,1.30969,1.30981,1.20,1.25
2018.01.30 13:52:54.114,1.30969,1.30981,1.20,1.37
2018.01.30 13:52:54.698,1.30969,1.30981,1.20,1.25
2018.01.30 13:53:03.173,1.30969,1.3098,1.20,1.25
2018.01.30 13:53:03.593,1.30965,1.30975,1.20,1.38
2018.01.30 13:53:03.644,1.30965,1.30976,1.20,1.25
2018.01.30 13:53:04.384,1.30963,1.30976,1.47,1.37
2018.01.30 13:53:04.671,1.30964,1.30973,1.20,1.69
2018.01.30 13:53:05.346,1.30963,1.30973,1.20,1.00
2018.01.30 13:53:05.932,1.30961,1.30973,1.45,1.00
2018.01.30 13:53:07.703,1.30962,1.30975,1.20,1.00
2018.01.30 13:53:07.805,1.30963,1.30977,1.45,1.69
2018.01.30 13:53:09.715,1.30965,1.30977,1.00,1.00
2018.01.30 13:53:13.918,1.30964,1.30978,1.95,1.00
2018.01.30 13:53:14.572,1.30964,1.30978,1.95,1.00
2018.01.30 13:53:16.304,1.30966,1.30978,1.20,1.00
2018.01.30 13:53:20.562,1.30966,1.30978,1.47,1.50
2018.01.30 13:53:21.100,1.30965,1.30978,1.95,1.00
2018.01.30 13:53:28.878,1.30966,1.30978,1.95,1.00
2018.01.30 13:53:31.997,1.30966,1.30979,1.95,1.25
2018.01.30 13:53:35.234,1.30966,1.3098,1.95,2.06
2018.01.30 13:53:36.040,1.30966,1.30978,1.95,1.00
2018.01.30 13:53:36.449,1.30968,1.3098,1.20,1.25
2018.01.30 13:53:37.800,1.30969,1.3098,1.20,1.00
2018.01.30 13:53:56.241,1.30968,1.3098,1.20,1.50
2018.01.30 13:54:00.197,1.30969,1.3098,1.20,1.00
2018.01.30 13:54:02.021,1.30968,1.30979,2.70,1.00
2018.01.30 13:54:19.685,1.3097,1.30979,1.20,1.00
2018.01.30 13:54:34.777,1.30968,1.30979,1.95,1.00
2018.01.30 13:54:39.067,1.30968,1.30979,1.95,1.00
2018.01.30 13:54:40.801,1.3097,1.30982,1.20,1.00
2018.01.30 13:54:41.003,1.3097,1.30984,1.95,1.25
2018.01.30 13:54:54.256,1.30972,1.30984,1.20,1.25
2018.01.30 13:54:58.206,1.30972,1.30985,1.00,2.25
2018.01.30 13:54:58.410,1.30973,1.30985,1.45,2.25
2018.01.30 13:54:58.463,1.30974,1.30988,1.58,2.25
2018.01.30 13:54:58.565,1.30976,1.30991,2.70,1.00
2018.01.30 13:54:58.617,1.30978,1.30991,1.95,1.00
2018.01.30 13:54:58.720,1.30981,1.30994,1.95,1.00
2018.01.30 13:54:58.822,1.30983,1.30995,1.00,1.00
2018.01.30 13:54:58.925,1.30984,1.30998,1.95,1.00
2018.01.30 13:54:59.134,1.30986,1.30998,1.45,1.00
2018.01.30 13:54:59.790,1.30986,1.30998,1.20,1.00
2018.01.30 13:54:59.841,1.30986,1.31,1.95,1.00
2018.01.30 13:55:00.903,1.30986,1.30999,1.47,1.00
2018.01.30 13:55:01.005,1.30985,1.30999,1.00,1.13
2018.01.30 13:55:01.719,1.30985,1.30999,1.00,1.69
2018.01.30 13:55:02.530,1.30985,1.30993,1.95,1.00
2018.01.30 13:55:02.632,1.30982,1.30991,1.00,1.00
2018.01.30 13:55:02.683,1.30979,1.30991,1.00,1.00
2018.01.30 13:55:04.037,1.30979,1.30991,1.95,1.00
2018.01.30 13:55:04.139,1.3098,1.30993,1.95,1.00
2018.01.30 13:55:04.351,1.30983,1.30996,1.20,1.00
2018.01.30 13:55:05.719,1.30981,1.30996,1.45,1.00
2018.01.30 13:55:06.269,1.30982,1.30995,1.20,1.00
2018.01.30 13:55:06.875,1.30982,1.30995,1.45,1.25
2018.01.30 13:55:07.486,1.30982,1.30995,1.45,1.19
2018.01.30 13:55:08.301,1.30982,1.30995,1.45,1.25
2018.01.30 13:55:09.221,1.30982,1.30995,1.45,1.19
2018.01.30 13:55:17.365,1.30982,1.30995,1.45,1.13
2018.01.30 13:55:17.521,1.3098,1.30993,1.20,1.00
2018.01.30 13:55:18.047,1.30981,1.30993,1.20,1.00
2018.01.30 13:55:20.394,1.3098,1.30993,1.95,1.00
2018.01.30 13:55:24.767,1.3098,1.30992,1.95,1.00
2018.01.30 13:55:25.299,1.3098,1.30992,1.95,1.00
2018.01.30 13:55:26.056,1.3098,1.30992,1.00,1.00
2018.01.30 13:55:34.588,1.3098,1.30993,1.00,1.00
2018.01.30 13:55:50.021,1.3098,1.30994,1.95,1.69
2018.01.30 13:55:51.462,1.3098,1.30994,1.95,1.69
2018.01.30 13:55:52.451,1.3098,1.30994,1.95,1.69
2018.01.30 13:56:00.096,1.3098,1.30992,1.45,1.00
2018.01.30 13:56:00.656,1.3098,1.30992,1.20,1.00
2018.01.30 13:56:02.239,1.3098,1.30993,1.20,1.13
2018.01.30 13:56:02.923,1.3098,1.30993,1.20,2.06
2018.01.30 13:56:07.245,1.3098,1.30993,1.20,1.69
2018.01.30 13:56:12.249,1.3098,1.30993,1.20,2.06
2018.01.30 13:56:14.729,1.3098,1.30993,1.20,1.87
2018.01.30 13:56:17.350,1.3098,1.30993,1.20,1.88
2018.01.30 13:56:22.038,1.3098,1.30993,1.20,1.69
2018.01.30 13:56:23.397,1.3098,1.30993,1.20,1.69
2018.01.30 13:56:23.923,1.3098,1.30993,1.20,1.69
2018.01.30 13:56:24.571,1.3098,1.30993,1.20,1.88
2018.01.30 13:56:25.158,1.3098,1.30993,1.20,1.50
2018.01.30 13:56:25.938,1.30981,1.30993,1.20,1.50
2018.01.30 13:56:44.026,1.30981,1.30993,1.47,2.06
2018.01.30 13:56:44.128,1.30977,1.30988,1.00,1.00
2018.01.30 13:56:44.507,1.30974,1.30987,1.95,1.25
2018.01.30 13:56:44.610,1.30976,1.30988,1.45,1.88
2018.01.30 13:56:45.329,1.30976,1.30986,1.20,1.25
2018.01.30 13:56:47.368,1.30974,1.30986,1.20,1.00
2018.01.30 13:56:55.441,1.30975,1.30986,1.45,1.00
2018.01.30 13:57:03.438,1.30976,1.30986,1.45,1.00
2018.01.30 13:57:03.540,1.30977,1.30991,1.95,1.50
2018.01.30 13:57:03.643,1.3098,1.30991,1.45,1.00
2018.01.30 13:57:05.656,1.30979,1.30991,1.00,1.00
2018.01.30 13:57:06.348,1.3098,1.30991,1.20,1.00
2018.01.30 13:57:07.398,1.30981,1.30991,1.45,1.00
2018.01.30 13:57:10.278,1.30979,1.30991,1.95,1.00
2018.01.30 13:57:12.492,1.30979,1.30991,1.95,1.00
2018.01.30 13:57:12.790,1.30978,1.30991,1.20,1.00
2018.01.30 13:57:20.742,1.30978,1.30991,1.95,1.00
2018.01.30 13:57:20.895,1.30976,1.30989,1.95,1.50
2018.01.30 13:57:21.558,1.30975,1.30988,1.45,1.00
2018.01.30 13:57:30.960,1.30976,1.30989,1.20,1.69
2018.01.30 13:57:31.621,1.30976,1.30989,1.20,1.87
2018.01.30 13:57:32.136,1.30976,1.30989,1.20,1.69
2018.01.30 13:57:39.668,1.30976,1.30988,1.20,1.25
2018.01.30 13:57:39.846,1.30973,1.30988,1.00,1.01
2018.01.30 13:57:40.354,1.30972,1.30988,1.01,1.20
2018.01.30 13:57:40.862,1.30972,1.30988,1.10,1.01
2018.01.30 13:57:41.751,1.30972,1.30988,1.25,1.69
2018.01.30 13:57:45.745,1.30972,1.30986,1.00,1.69
2018.01.30 13:57:45.797,1.30967,1.30984,3.07,1.69
2018.01.30 13:57:45.898,1.30967,1.30983,2.32,1.00
2018.01.30 13:57:46.426,1.30968,1.30984,1.95,1.00
2018.01.30 13:57:47.000,1.30969,1.30984,1.20,1.00
2018.01.30 13:57:47.561,1.30969,1.30986,1.20,2.70
2018.01.30 13:57:49.010,1.30969,1.30986,1.58,2.62
2018.01.30 13:57:49.545,1.3097,1.30985,1.10,1.00
2018.01.30 13:58:13.057,1.3097,1.30985,1.10,2.06
2018.01.30 13:58:13.616,1.3097,1.30985,1.20,1.00
2018.01.30 13:58:14.688,1.3097,1.30985,1.20,1.44
2018.01.30 13:58:15.220,1.3097,1.30985,1.10,1.25
2018.01.30 13:58:15.823,1.3097,1.30985,1.20,1.25
2018.01.30 13:58:17.987,1.30969,1.30986,1.70,1.50
2018.01.30 13:58:18.898,1.30969,1.30986,2.14,1.44
2018.01.30 13:58:20.021,1.3097,1.30985,1.10,1.00
2018.01.30 13:58:20.523,1.30971,1.30985,1.00,1.25
2018.01.30 13:58:21.030,1.30972,1.30985,1.00,1.25
2018.01.30 13:58:21.446,1.30969,1.30984,1.10,1.00
2018.01.30 13:58:21.550,1.30968,1.30982,1.10,1.00
2018.01.30 13:58:21.886,1.30961,1.30977,1.37,1.01
2018.01.30 13:58:22.317,1.30959,1.30975,1.37,1.57
2018.01.30 13:58:22.752,1.30959,1.30974,1.37,1.07
2018.01.30 13:58:22.935,1.30959,1.30975,1.00,3.45
2018.01.30 13:58:24.019,1.30959,1.30975,1.00,2.51
2018.01.30 13:58:24.120,1.30959,1.30974,1.00,1.08
2018.01.30 13:58:24.467,1.30957,1.30972,1.20,1.00
2018.01.30 13:58:26.140,1.30957,1.30972,1.38,1.00
2018.01.30 13:58:26.722,1.30957,1.30972,1.13,1.00
2018.01.30 13:58:27.559,1.30957,1.30972,1.44,1.00
2018.01.30 13:58:28.962,1.30957,1.30972,1.25,1.00
2018.01.30 13:58:32.546,1.30957,1.30973,1.00,1.10
2018.01.30 13:58:36.185,1.30957,1.30972,1.00,1.00
2018.01.30 13:58:36.748,1.30957,1.30972,1.00,1.95
2018.01.30 13:58:39.013,1.30957,1.30972,1.00,1.25
2018.01.30 13:58:40.039,1.30957,1.3097,1.00,1.00
2018.01.30 13:58:41.141,1.30951,1.30969,4.01,1.25
2018.01.30 13:58:41.244,1.30951,1.30969,3.26,1.25
2018.01.30 13:58:42.425,1.30952,1.30969,1.45,1.00
2018.01.30 13:58:42.646,1.30952,1.30969,1.20,1.25
2018.01.30 13:58:45.188,1.30952,1.30969,1.01,2.14
2018.01.30 13:58:48.117,1.30952,1.30968,1.13,2.89
2018.01.30 13:58:48.219,1.30952,1.30966,1.00,1.50
2018.01.30 13:58:48.724,1.30952,1.30964,1.00,1.00
2018.01.30 13:58:48.775,1.30948,1.30964,1.95,1.25
2018.01.30 13:58:49.145,1.30947,1.30964,1.12,3.07
2018.01.30 13:58:49.676,1.30946,1.30964,1.10,2.89
2018.01.30 13:58:50.450,1.30944,1.3096,1.57,1.38
2018.01.30 13:58:50.552,1.30941,1.30956,1.10,1.31
2018.01.30 13:58:50.603,1.30938,1.30955,2.14,1.48
2018.01.30 13:58:50.908,1.30937,1.30954,1.00,1.95
2018.01.30 13:58:51.420,1.30937,1.30954,1.10,2.32
2018.01.30 13:58:51.925,1.30936,1.30954,1.57,2.51
2018.01.30 13:58:54.027,1.30936,1.30952,1.00,1.20
2018.01.30 13:58:55.208,1.30935,1.30951,2.51,1.76
2018.01.30 13:58:55.730,1.30935,1.30951,1.50,2.14
2018.01.30 13:58:56.313,1.30935,1.30951,1.50,1.76
2018.01.30 13:58:57.216,1.30935,1.30951,1.50,2.14
2018.01.30 13:58:58.874,1.30935,1.30951,1.50,2.33
2018.01.30 13:58:58.976,1.30932,1.30947,1.20,1.00
2018.01.30 13:59:00.735,1.30931,1.30946,1.10,1.00
2018.01.30 13:59:01.612,1.30931,1.30945,1.10,1.25
2018.01.30 13:59:02.330,1.30931,1.30945,1.00,1.20
2018.01.30 13:59:02.634,1.30929,1.30945,1.00,1.87
2018.01.30 13:59:03.939,1.30927,1.30943,1.95,1.00
2018.01.30 13:59:04.471,1.30927,1.30943,2.51,1.10
2018.01.30 13:59:04.527,1.30927,1.30943,1.58,1.00
2018.01.30 13:59:04.579,1.30932,1.30946,1.25,1.10
2018.01.30 13:59:04.750,1.30935,1.30948,1.20,1.00
2018.01.30 13:59:05.296,1.30935,1.30948,1.25,1.00
2018.01.30 13:59:05.799,1.30935,1.3095,1.00,1.00
2018.01.30 13:59:09.947,1.30935,1.3095,1.00,1.19
2018.01.30 13:59:09.999,1.30932,1.30947,1.12,1.01
2018.01.30 13:59:10.590,1.30931,1.30947,1.10,1.10
2018.01.30 13:59:11.059,1.30929,1.30946,1.87,1.20
2018.01.30 13:59:11.786,1.30929,1.30944,1.00,1.00
2018.01.30 13:59:12.415,1.30929,1.30943,1.00,1.00
2018.01.30 13:59:13.743,1.30927,1.30943,1.12,1.25
2018.01.30 13:59:16.810,1.30927,1.30942,1.01,1.00
2018.01.30 13:59:39.842,1.30926,1.30943,2.89,1.00
2018.01.30 13:59:40.279,1.30928,1.30944,1.57,1.00
2018.01.30 13:59:40.886,1.30928,1.30944,1.01,1.00
2018.01.30 13:59:41.946,1.30928,1.30944,1.39,1.00
2018.01.30 13:59:43.369,1.30928,1.30944,1.01,1.00
2018.01.30 13:59:43.421,1.30928,1.30946,1.01,1.57
2018.01.30 13:59:44.001,1.30928,1.30946,1.29,1.57
2018.01.30 13:59:44.563,1.30928,1.30946,1.01,1.57
2018.01.30 13:59:44.920,1.30928,1.30946,1.76,1.69
2018.01.30 13:59:45.445,1.30928,1.30946,1.57,1.50
2018.01.30 13:59:47.716,1.30929,1.30944,1.25,1.00
2018.01.30 13:59:49.274,1.30929,1.30944,1.44,1.00
2018.01.30 13:59:49.840,1.3093,1.30945,1.00,1.50
2018.01.30 13:59:53.964,1.3093,1.30945,2.06,1.00
2018.01.30 13:59:58.421,1.30931,1.30946,1.44,1.50
2018.01.30 13:59:58.944,1.30933,1.30949,1.13,1.00
2018.01.30 13:59:58.996,1.30935,1.3095,1.25,1.00
